[-106, 266, 336]
[-138, 289, 302]
[-70, 185, 155]
[-165, 328, 163]
[-159, 343, 60]
[-216, 390, 145]
[-169, 372, 25]
[-251, 409, 156]
[-110, 248, 60]
[-238, 320, 72]
[-92, 113, 58]
[-211, 210, 107]
[-236, 1, 117]
[-152, 46, 213]
[-327, -25, 110]
[-123, -13, 144]
[-344, 67, 24]
[-240, 41, 30]
[-368, 84, 140]
[-323, 78, 40]
[-351, 49, 205]
[-301, 46, 138]
[-252, 80, 82]
[-305, 147, 192]
[-160, 63, 100]
[-161, 173, 125]
[-73, -41, 289]
[-87, 29, 145]
[-151, -77, 269]
[-135, 1, 104]
[-317, -73, 154]
[-213, -47, 108]
[-397, -145, 289]
[-323, -111, 223]
[-344, -182, 464]
[-372, -78, 234]
[-263, -139, 456]
[-216, -66, 222]
[-231, -97, 283]
[-11, -144, 316]
[-106, -47, 172]
[42, -177, 230]
[-3, -148, 95]
[1, -264, 164]
[-60, -305, 117]
[40, -415, 296]
[91, -314, 279]
[89, -531, 506]
[192, -317, 368]
[67, -417, 451]
[100, -330, 254]
[92, -290, 129]
[82, -220, 168]
[142, -236, 135]
[237, -228, 102]
[101, -347, 164]
[270, -355, 138]
[263, -406, 177]
[177, -472, 225]
[289, -333, 169]
[154, -312, 198]
[277, -234, 237]
[175, -115, 31]
[319, -48, 175]
[239, 61, 75]
[162, -96, 100]
[186, 36, 0]
[300, -24, 77]
[362, 19, 190]
[405, -5, 93]
[398, 20, 240]
[373, -22, 177]
[326, 111, 123]
[225, 65, 148]
[135, 72, 70]
[239, 104, 56]
[49, 76, 84]
[137, 148, 23]
[82, 191, 57]
[111, 187, 35]
[170, 135, 106]
[180, 313, 59]
[270, 184, 39]
[254, 452, 125]
[341, 313, 95]
[273, 429, 217]
[188, 385, 246]
[193, 295, 158]
[43, 357, 304]
[117, 146, 184]
[10, 325, 149]
[8, 250, 366]
[-29, 337, 101]
[-19, 237, 190]
[-57, 354, 119]
[87, 172, 68]
[-1, 315, 210]
[-24, 304, 168]
[143, 248, 266]
[-144, 319, 300]
[84, 229, 317]
[-57, 204, 353]
[-50, 178, 324]
[-88, 113, 227]
[-57, 37, 262]
[-128, 136, 191]
[-188, 252, 224]
[-252, 167, 148]
[-215, 415, 190]
[-319, 211, 264]
[-239, 324, 314]
[-290, 408, 321]
[-290, 125, 369]
[-351, 354, 334]
[-268, 84, 260]
[-358, 80, 367]
[-257, 58, 231]
[-177, -6, 448]
[-266, 37, 340]
[-215, 56, 370]
[-369, 9, 419]
[-401, 46, 356]
[-467, 24, 515]
[-409, 47, 549]
[-268, -4, 625]
[-270, -83, 630]
[-163, 44, 598]
[-163, -119, 664]
[-111, -59, 531]
[-62, -94, 639]
[-71, -114, 583]
[-69, -180, 450]
[-165, -174, 503]
[-163, -168, 723]
[-263, -192, 629]
[-232, -102, 695]
[-211, -211, 700]
[-160, -90, 449]
[-37, -225, 586]
[17, -243, 436]
[-36, -164, 418]
[-63, -356, 493]
[-121, -212, 500]
[-153, -340, 601]
[-151, -357, 679]
[8, -319, 718]
[-205, -450, 772]
[208, -176, 665]
[-278, -364, 759]
[120, -114, 521]
[-77, -157, 697]
[139, -111, 662]
[137, -132, 600]
[210, -193, 557]
[156, -322, 385]
[273, -376, 535]
[41, -340, 663]
[136, -353, 795]
[32, -168, 847]
[113, -207, 819]
[138, -95, 679]
[217, -262, 552]
[130, -16, 596]
[200, -243, 449]
[151, -82, 477]
[166, -210, 326]
[240, -87, 344]
[201, -220, 221]
[256, -176, 219]
[337, -265, 266]
[389, -254, 249]
[345, -134, 515]
[426, -253, 359]
[177, -67, 718]
[309, -279, 322]
[142, -120, 558]
[292, -296, 254]
[155, -14, 412]
[195, -185, 336]
[138, 120, 300]
[193, 77, 417]
[197, 192, 151]
[295, 180, 266]
[353, 44, 295]
[369, 163, 266]
[382, -11, 444]
[326, 136, 351]
[236, 102, 474]
[202, 143, 388]
[106, 85, 540]
[94, 157, 502]
[56, 68, 555]
[85, 130, 519]
[96, 120, 387]
[16, 296, 500]
[93, 236, 493]
[54, 443, 583]
[12, 464, 781]
[194, 379, 562]
[-84, 382, 743]
[110, 198, 485]
[-77, 182, 501]
[-136, 257, 464]
[-190, 118, 425]
[-217, 255, 457]
[-132, 71, 422]
[-241, 166, 508]
[-101, 102, 572]
[-178, 93, 583]
[-101, 185, 642]
[-128, -66, 725]
[-39, 71, 659]
[-126, -68, 753]
[-45, -110, 617]
[-229, -9, 678]
[-126, -105, 612]
[-336, -102, 758]
[-270, -98, 716]
[-334, -187, 759]
[-290, -169, 798]
[-189, -203, 782]
[-112, -21, 719]
[-10, -257, 813]
[85, 6, 691]
[-27, -155, 794]
[45, -264, 724]
[19, -117, 700]
[58, -404, 689]
[100, -184, 662]
[106, -204, 681]
[145, -275, 693]
[77, -75, 706]
[115, -120, 761]
[153, -202, 794]
[188, -116, 763]
[355, -153, 819]
[154, -222, 801]
[335, -229, 859]
[149, -268, 842]
[167, -184, 803]
[241, -97, 832]
[235, -34, 728]
[172, -46, 677]
[216, -12, 682]
[241, 8, 688]
[311, 22, 693]
[248, -102, 848]
[370, -55, 948]
[206, 72, 721]
[339, -82, 927]
[181, 139, 243]
[276, 56, 524]
[311, 36, 373]
[232, 14, 398]
[389, 7, 638]
[204, -67, 536]
[176, -30, 668]
[187, 35, 670]
[-8, 150, 678]
[169, 138, 689]
[-34, 242, 704]
[103, 56, 634]
[68, 328, 736]
[104, 87, 665]
[101, 373, 750]
[200, 309, 753]
[214, 242, 776]
[117, 240, 803]
[-4, 191, 836]
[-67, 208, 831]
[-48, 283, 758]
[-38, 195, 772]
[-39, 138, 649]
[-46, 404, 769]
[-11, 186, 652]
[-25, 357, 1027]
[-41, 275, 788]
[-144, 116, 1032]
[-154, 247, 821]
[-200, 63, 813]
[-175, 75, 768]
[-110, 104, 725]
[-94, 78, 672]
[-142, 80, 682]
[-181, 60, 585]
[-190, 313, 592]
[-266, 186, 561]
[-226, 323, 581]
[-294, 244, 644]
[-352, 379, 736]
[-320, 295, 780]
[-340, 309, 698]
[-277, 61, 712]
[-254, 210, 797]
[-197, -11, 680]
[-128, 67, 760]
[-56, 25, 789]
[-77, -114, 859]
[-146, 42, 889]
[-134, -199, 910]
[-202, 5, 1015]
[-182, -11, 982]
[-120, -111, 955]
[-82, -110, 977]
[-87, -185, 968]
[-138, -260, 927]
[-132, -225, 976]
[-115, -376, 985]
[-140, -141, 1060]
[-12, -353, 990]
[-90, -73, 1078]
[-74, -198, 953]
[48, -66, 1052]
[6, -190, 933]
[54, -170, 1004]
[261, -200, 963]
[78, -296, 969]
[290, -181, 993]
[310, -202, 999]
[157, -91, 948]
[333, -31, 1065]
[333, -84, 978]
[239, -38, 978]
[355, -62, 1023]
[201, -178, 1094]
[100, 78, 1004]
[148, -159, 1179]
[65, 184, 984]
[150, 61, 1042]
[235, 271, 941]
[156, 239, 1004]
[320, 250, 857]
[223, 307, 906]
[277, 307, 867]
[307, 230, 889]
[292, 160, 973]
[201, 335, 983]
[212, 174, 1032]
[146, 258, 1008]
[51, 232, 993]
[140, 206, 937]
[31, 135, 904]
[8, 214, 907]
[-4, 120, 914]
[-36, 202, 944]
[-58, 362, 929]
[-4, 263, 959]
[-146, 257, 1054]
[-44, 51, 1042]
[-204, 118, 1006]
[-187, 21, 1049]
[-235, 105, 1001]
[-352, 172, 1025]
[-241, 73, 937]
[-370, 116, 1036]
[-153, -50, 1001]
[-203, -37, 1067]
[-111, -157, 1164]
[-162, -57, 1210]
[-89, -53, 1103]
[-127, -23, 1127]
[-121, -197, 1129]
[-181, -78, 1131]
[-119, -248, 1267]
[-159, -209, 1127]
[-132, -212, 1344]
[-122, -234, 1178]
[-122, -213, 1215]
[-110, -135, 1151]
[21, -163, 1118]
[-23, -54, 1161]
[134, -246, 1158]
[68, -183, 1141]
[284, -192, 1260]
[193, -375, 1137]
[259, -2, 1230]
[185, -242, 1133]
[155, -45, 1132]
[255, -26, 1132]
[294, -97, 1173]
[248, -51, 1239]
[294, -129, 1338]
[301, -42, 1276]
[151, -196, 1325]
[220, 68, 1183]
[79, -85, 1295]
[54, 103, 1187]
[100, 149, 1202]
[147, 255, 1146]
[128, 222, 1218]
[59, 334, 1278]
[38, 215, 1231]
[-10, 283, 1252]
[-9, 121, 1166]
[-34, 89, 1138]
[-110, 214, 1120]
[-135, 153, 1171]
[-56, 179, 1323]
[-236, 198, 1352]
[-91, 130, 1381]
[-322, 217, 1308]
[-127, 74, 1358]
[-272, 64, 1107]
[-182, 95, 1348]
[-134, -207, 1150]
[-186, -94, 1264]
[-105, -212, 1255]
[-118, -162, 1313]
[-178, -40, 1365]
[-148, -75, 1239]
[-171, -71, 1374]
[-84, -117, 1289]
[-144, -114, 1412]
[-93, -162, 1315]
[-83, -124, 1303]
[-54, -157, 1418]
[5, -172, 1372]
[-3, -63, 1282]
[114, -91, 1250]
[81, -60, 1245]
[11, -154, 1257]
[109, -272, 1276]
[166, -351, 1292]
[24, -159, 1286]
[229, -267, 1318]
[71, -6, 1320]
[228, -59, 1355]
[202, 135, 1328]
[257, 59, 1344]
[262, 78, 1371]
[276, 66, 1368]
[160, 67, 1410]
[196, 38, 1390]
[131, 76, 1352]
[66, 142, 1420]
[-6, 128, 1388]
[-103, 205, 1399]
[-140, 240, 1428]
[-111, 248, 1349]
[-55, 273, 1347]
[32, 220, 1304]
[84, 319, 1274]
[-57, 242, 1386]
[-68, 162, 1338]
[-201, 88, 1416]
[-203, 12, 1335]
[-110, 63, 1368]
[-198, 7, 1421]
[26, -63, 1498]
[-134, -159, 1415]
[49, -214, 1449]
[-132, -238, 1484]
[-7, -173, 1384]
[-142, -208, 1487]
[-2, -207, 1361]
[23, -76, 1448]
[72, -29, 1507]
[91, -24, 1466]
[97, 52, 1527]
[151, 71, 1628]
[109, 151, 1606]
[30, 183, 1530]
[24, 138, 1555]
[-28, 121, 1528]
[-68, 142, 1597]
[-14, 168, 1652]
[-97, 132, 1584]
[-91, 150, 1637]
[-9, 118, 1686]
[-169, 178, 1733]
[-41, 236, 1728]
[-173, 143, 1642]
[-256, 182, 1654]
[-184, -55, 1509]
[-207, -114, 1578]
[-92, -71, 1536]
[-125, -118, 1558]
[65, -138, 1632]
[-27, -147, 1579]
[105, -128, 1578]
[117, -112, 1530]
[124, -139, 1526]
[97, -83, 1589]
[164, -5, 1576]
[86, 167, 1592]
[115, 76, 1729]
[153, 265, 1753]
[55, -27, 1647]
[115, 128, 1891]
[90, -38, 1699]
[-80, -13, 1810]
[77, 47, 1822]
[61, -34, 1735]
[-62, -60, 1780]
[25, -243, 1577]
[-180, -143, 1696]
[-112, -324, 1527]
[-62, -138, 1632]
[18, -134, 1689]
[-111, -190, 1556]
[125, -87, 1715]
[-90, 27, 1631]
[177, -32, 1738]
[-2, 174, 1818]
[52, -126, 1829]
[50, 87, 1918]
[-98, -74, 1928]
[57, 11, 1991]
[-112, -70, 1902]
[-14, -75, 1932]
[-43, -118, 1853]
[-67, -134, 1805]
[-13, -171, 1751]
[49, -155, 1761]
[18, -156, 1786]
[112, -222, 1844]
[157, -215, 1858]
[78, -122, 1934]
[190, -282, 1986]
[-44, 71, 1953]
[-76, -168, 1967]
[-100, 60, 1833]
[-196, 27, 1835]
[-173, 31, 1694]
[-84, 72, 1715]
[-230, 6, 1676]
[-180, -11, 1676]
[-109, -135, 1720]
[-180, -102, 1725]
[-50, -199, 1773]
[-133, 49, 1852]
[-64, -153, 1834]
[-69, 7, 1810]
[-30, -194, 1735]
[76, -194, 1750]
[198, -148, 1647]
[122, -198, 1625]
[266, -209, 1443]
[322, -152, 1443]
[194, -298, 1395]
[4, -113, 1324]
[-99, -291, 1341]
[-217, -49, 1367]
[-285, -89, 1341]
[-305, -39, 1348]
[-315, -19, 1388]
[-244, 55, 1395]
[-228, 61, 1363]
[-189, 145, 1370]
[-249, 132, 1280]
