[-4.186121318651768, 10.46229958955785, -25.962295568688788]
[-3.4615066649403765, 8.876905855447944, -29.5306010352779]
[-5.96221585055561, 12.152789552221261, -30.03205356629138]
[-4.499651807922097, 10.39782324468787, -34.96943055810175]
[-6.2624116046152105, 13.5041343680377, -36.83995461433648]
[-6.451499484288126, 14.068100497144954, -37.52972690106168]
[-9.204726408621415, 15.720510601399013, -33.26507110451665]
[-5.493861145320904, 12.19941487615068, -37.53189054894543]
[-9.633660048737065, 14.34100845961433, -34.70327044957254]
[-3.981354729359093, 7.106755979539397, -36.88176479444836]
[-8.835255062022735, 10.426616760071312, -35.67535242635424]
[-6.461759554196661, 2.2338990780691903, -35.760100572632034]
[-7.139899098483216, 5.023274408910848, -32.8892774537866]
[-11.084198849100357, -0.4884319845250613, -34.73855716412863]
[-5.4201943154224494, 0.6303916247743002, -32.15154806259039]
[-13.197252998612665, 0.8102281915580947, -36.56857370546973]
[-7.151816574569979, 0.5342024017108683, -35.76042728881454]
[-14.011106335452162, 2.9717816135628916, -35.975729326607095]
[-11.083086326189875, 2.3371811133516123, -37.80485696261395]
[-14.15938503430345, 2.6359339802408313, -32.41131948696217]
[-12.291595764730912, 2.447375027146726, -35.67032002943343]
[-11.863242433211472, 1.8194283880832578, -33.7465080608554]
[-11.925818162470256, 3.8087929389780655, -32.68868079372345]
[-8.100017712501126, 2.831834533585713, -35.609805661652814]
[-9.162177357289472, 6.313690348577739, -32.958199633321925]
[-4.576688825441673, 0.45141638746589896, -31.530070674694436]
[-4.875891403882735, 3.9911057930709104, -33.89103541784694]
[-4.409707825115394, -2.305457077940466, -28.20662110982029]
[-4.369709649171399, 0.598376929136517, -34.29635068672964]
[-9.214379273532492, -2.940991678110199, -30.874979253981]
[-6.8641319181459926, -0.9075801889881975, -35.01260463423225]
[-14.050170261465516, -4.283921975638943, -30.469774154495198]
[-10.558905229239755, -3.106214564754831, -32.66577573514935]
[-14.577121331120235, -6.441975883879297, -24.354102634080075]
[-13.679901417957176, -3.713493036957118, -30.189507376805008]
[-11.935992156365266, -6.330952130787562, -21.06678263009941]
[-11.573770873532737, -2.8442475603964743, -30.22010897703938]
[-9.709102677218288, -4.643280846704833, -24.63638908127609]
[-4.457385759139651, -4.144707003080266, -28.59779847407889]
[-6.631765566668427, -2.8380224078464877, -30.23628957762569]
[0.6222092591515747, -6.322163309989215, -28.43290095052706]
[-2.1541976100071114, -3.8520542741781103, -33.92766909503521]
[0.8411224065731722, -8.678986018913871, -31.43055097948074]
[-1.2445928768113237, -8.91480510741682, -35.008373514927705]
[0.7935355487050946, -13.372783846510961, -30.134228988441794]
[0.6097936141789679, -12.186021040492601, -31.394222993323993]
[2.5334479494025515, -18.635504393891274, -23.39948825927387]
[5.575015236858457, -12.437597784918815, -26.455933092315743]
[3.065183170275578, -18.660647667855713, -20.342285708980793]
[5.749303258761421, -12.744133638394002, -26.943099425226812]
[3.1288006536004147, -13.917834376355296, -27.760283107139117]
[3.5836570913871357, -10.829514655424003, -30.870739372466947]
[3.2308344096963615, -8.668335105291742, -32.56612665149719]
[5.576369040396285, -9.29146698222896, -33.88938857996959]
[4.782690863599179, -11.484524148998329, -33.31752353964636]
[9.980114129156805, -11.48687112982331, -34.45995784780306]
[7.16421568445509, -14.824670951286496, -32.47825722836863]
[10.339418682108107, -15.971760586805292, -32.21085595741413]
[10.861071419932639, -14.546903058144203, -32.37907496438761]
[6.523070094222746, -15.425858338513766, -30.863448026879976]
[11.140288365228052, -11.17205229027254, -31.207012284774287]
[6.471176630294851, -8.397384883865433, -34.6801916812542]
[11.732107446092808, -5.559586475067393, -31.074826996812924]
[8.139686377082601, -1.0724397318762895, -37.09638447850509]
[9.465706521897651, -2.8294774820216873, -33.771112640770866]
[8.37201100919999, 1.908681129759973, -37.71098488035514]
[9.084893724056673, -2.3606961769871715, -35.7030992954018]
[10.790696628372043, 1.0937766114498795, -35.44893271144609]
[13.873244153675618, -0.5879236397962802, -35.833308689811865]
[14.95928804367119, 0.7739139332484607, -30.73092871315933]
[15.310899406822795, -0.548551453006511, -33.87593860072916]
[14.249673664092587, 2.572221414677337, -32.0572293906246]
[11.778402493954712, 0.8450533535710948, -32.79116085093736]
[8.876757757810344, 2.570913622566441, -33.35016517533992]
[5.3119692938113765, 2.8324983351829056, -36.448184013154396]
[3.623121325336841, 2.90671459778875, -36.15978650240092]
[7.402669802841297, 4.972897369211288, -37.63089255402154]
[2.5782023889070143, 5.242309012825187, -36.41108852904598]
[3.2221314209517233, 7.50368716525578, -36.95078806644453]
[4.38328913707586, 7.373049638324932, -37.80786720793004]
[5.734591431252264, 9.845289698394033, -37.34456896282805]
[8.659646981210644, 6.282666280910848, -36.33354177385438]
[8.548477092858532, 15.065777323319638, -35.57867336138467]
[12.021934381506838, 9.789312602409233, -36.55356033707344]
[10.388095120153965, 17.34724576438787, -32.453091625225724]
[10.420752574992013, 13.73279132686702, -32.4713011154325]
[7.412577441446369, 15.147365033690853, -29.492148312324595]
[4.556412514643845, 14.592600265286123, -28.357546873035258]
[6.118148208867764, 8.684599924634323, -32.46182457321205]
[1.0423155783888216, 13.407322717127421, -30.26604563537582]
[2.460720578566546, 7.792963615552207, -28.369439369287235]
[-0.3781445941937167, 13.027000244969859, -34.25321873642277]
[-0.2200202239043535, 9.581795876932656, -28.249460160190736]
[-1.697849901690459, 13.611012417503124, -34.85134670756874]
[1.34213055671428, 8.051485880043423, -34.102648243557866]
[-1.137702339183322, 13.16606063299243, -32.722366971666865]
[1.2380279424075555, 9.372346786986807, -34.53016213795274]
[2.8084874406572533, 11.074842421574846, -29.818237118745802]
[-3.3153021722857767, 12.254730298766418, -29.960002327142952]
[4.481260490792085, 9.394469305975385, -27.698169406268267]
[-3.9714849541432367, 10.296641709711, -26.317688991086026]
[0.6696555357190974, 8.009727695886077, -26.563521984559266]
[-1.9858573965219866, 6.9929146394262, -26.42784723003753]
[-3.4587780019465857, 4.4389796566201625, -30.262655368451853]
[-4.248960185331356, 4.895908487744361, -30.96237987342034]
[-4.818232875475716, 5.6732743630035944, -29.612707445038904]
[-7.476515665534517, 5.961772870227402, -32.509173825815736]
[-7.927685571100837, 13.117826824478307, -31.028391690976413]
[-11.240915828242086, 7.447331359868735, -31.078085791824687]
[-8.93853402865477, 14.552182649158361, -29.259179360398623]
[-11.987679162365694, 12.202115224521572, -27.682498258213872]
[-10.419600776486382, 8.848915007190993, -25.747695702687416]
[-12.613330838312027, 15.014802506244692, -26.30184761555737]
[-10.994768366615608, 4.1084640319130745, -26.82427790562843]
[-13.956185312738468, 8.541915528426106, -25.397683273356577]
[-10.328835659678273, 2.7857344081599917, -29.53471388521223]
[-10.536627917213774, 1.4531279359183835, -23.147323925574653]
[-10.288882543166928, 1.8667344685096992, -27.956576609710794]
[-7.724163331314469, 0.987503389467491, -23.086723171197647]
[-12.49622498045515, 0.9032540810962395, -24.252565453894135]
[-12.133871214075693, 1.9975191840189415, -24.899710544188842]
[-16.455313978090054, 0.6559943591391149, -20.799487517176427]
[-15.946071394744608, 1.8140651142667958, -21.36073081003343]
[-14.473739226928133, 0.40946281748363256, -16.736771122288637]
[-13.366591198692731, -0.7181934092224851, -15.97763607698406]
[-8.494268034544449, 0.7899294015912602, -15.097530098644489]
[-8.537085871788323, -3.9702091280110894, -13.712715689642508]
[-5.3950072705527194, -0.30003858212060197, -16.95811670012245]
[-4.446145238641378, -4.18674345394003, -13.531423799819592]
[-2.4587053620993506, -3.7058004331515213, -14.035109829767705]
[-2.581801233843897, -5.401410660856681, -17.75903471243031]
[-4.643911653250148, -5.6574697334854465, -17.807359857905382]
[-4.556855189573512, -6.865436731333012, -16.112683785077614]
[-8.43398798196338, -7.193774970265982, -16.902603558896615]
[-7.777954249658672, -5.331468102515913, -11.283565835438791]
[-9.147095225758763, -4.0290836309276425, -11.824723695815269]
[-7.717455563406002, -3.776509731950159, -16.66213763477685]
[-4.877902116746705, -8.58922537962613, -13.88916734447165]
[-2.8157649652258994, -6.543276348398339, -21.76994126044729]
[-1.4290794878694266, -7.65017663175064, -19.435184734396017]
[-0.9089370384276921, -11.78820050794998, -20.918165565405882]
[-3.0884249614185926, -7.396245606909503, -21.111924362237374]
[-4.24775385395288, -13.698319187222587, -17.665072241634853]
[-5.347264925093838, -11.20057338054281, -15.971345361451858]
[-2.852698356339215, -12.973148739851993, -13.229563325804186]
[-7.009629510001683, -15.874787268396295, -10.621431841847855]
[4.2496813179181405, -9.747092327804701, -11.968517455396858]
[-9.507127290829558, -16.024650239403066, -9.036114251475325]
[6.461730816119459, -5.715358798538503, -15.847353717845202]
[-6.981435392649129, -10.268529490312321, -10.520313531240616]
[5.113998383897938, -4.42922958581668, -15.903908605712166]
[1.187505563065535, -5.684582257620721, -13.667266912468476]
[5.406189868767088, -5.18167329117016, -15.580584604262516]
[5.775716694553201, -8.926655557093213, -19.813974402466712]
[9.508927446981293, -11.208486290136563, -17.68467658660412]
[3.8853032852411347, -13.027037809607286, -18.563690776233578]
[8.063450053115591, -14.352206206535854, -12.998011402460698]
[1.4432562463429057, -10.004885125862977, -9.465714569771304]
[4.895870341831186, -11.025627207141477, -7.410236563932649]
[3.3544465776415024, -5.182817719832367, -9.145077436314965]
[6.4968188440460395, -9.238905153328602, -12.18650971788311]
[5.281909599496779, -2.1746453904267646, -14.089036805053402]
[8.212276366817363, -9.941043014204869, -19.47322606283408]
[5.525321009072457, -1.9207101731991318, -18.07931997573172]
[7.209035016109247, -8.920916953871888, -23.926241561832818]
[7.6922304118531075, -3.325486769874728, -23.034645925308038]
[7.233172356120284, -8.470287149141456, -28.40891922151583]
[9.762824233645823, -5.169093694157071, -28.105028878459837]
[10.58500914631633, -9.542329871383796, -29.59916912314666]
[12.687791940933625, -8.45304236333103, -29.96511330043826]
[13.416412195619394, -7.850815928252985, -23.827023931244103]
[16.04317971266311, -9.967464943913004, -27.209992753561036]
[10.274084742164318, -3.962826460050409, -14.917834347446039]
[14.479716271730316, -10.466044650185337, -25.776930760591533]
[6.287743777935203, -3.6771640424757717, -14.072012821337886]
[11.842395470801186, -11.321724639269133, -27.842246319454464]
[5.856513747740552, -2.6250397423286165, -20.108089596448224]
[9.593586912314358, -9.46854937836496, -27.562567455947704]
[5.780997258521378, 2.0970725168482423, -25.18189041780642]
[7.628782166358551, -2.11980589346798, -24.36041596934425]
[6.594731075352608, 6.142643164020398, -30.31159916731358]
[9.596834286696332, 5.068109807739194, -25.741056551589892]
[10.810529065841191, 4.642593610856485, -30.397297347985326]
[13.077758744587165, 6.754261533727674, -28.71071842103416]
[14.459077428710701, 0.6532001782206343, -24.62962442229381]
[13.697288829723696, 5.883295316914517, -27.045314549551286]
[12.157833111070502, 1.803290653540067, -21.109652006255605]
[10.397263854883189, 5.492365588074767, -24.648940096706614]
[6.725203929177338, 3.698187320839315, -19.227198387555703]
[5.8204978116497905, 5.915225144759352, -21.675094227573247]
[3.6969180320328987, 6.200370863005334, -19.427451238638994]
[2.2223774062013133, 2.675014974883662, -17.33206886070129]
[3.007636905976421, 3.7067035602176257, -20.632253524235402]
[2.000359843326474, 8.385492973698614, -19.12584519022662]
[3.73287898534422, 7.018148358613754, -21.864634964583697]
[1.3855109913079682, 14.538665419292482, -17.865638132635286]
[2.076097212693984, 13.788425883569639, -14.116956757820658]
[4.874133903770371, 16.170259369021558, -16.655460385290866]
[-1.4089114512678365, 16.660391883510286, -9.177016929057206]
[5.970146338451238, 11.349565108530276, -18.59462585742846]
[-3.1661813840835134, 11.09910350740937, -14.683120481689512]
[-0.5173428984863495, 8.954244461763771, -20.519355877956357]
[-5.262545403233661, 5.903439645519491, -20.953315077520063]
[-6.943063269150521, 10.072313563565288, -21.05342104295194]
[-6.3460660873790795, 3.7219544270989067, -22.517294560211084]
[-9.014637780413782, 8.273871813559433, -20.17495168082698]
[-4.586604442128161, 3.4129480241164747, -19.624764224613813]
[-8.244324901339965, 5.087178164714882, -17.699817335938018]
[-3.978860920368519, 5.655923611496156, -15.297675062840675]
[-6.023909760141911, 0.5346422886965199, -13.446031896707575]
[-2.762276246538124, 5.044126547832979, -13.586393622639267]
[-4.998157424799912, -2.6289511403332098, -10.11070279632782]
[-1.6506213261977458, -0.7695845717143519, -14.069340958738259]
[-6.989115967005656, -1.5093822201393077, -11.023059547879019]
[-3.3699748357224384, -4.244969038620073, -14.98732535078675]
[-11.132559858166765, -2.1789817486759633, -10.922820503034194]
[-7.807872211614586, -4.00425746818801, -13.04344161683848]
[-10.639246241055389, -3.8666479170508175, -11.001196725645258]
[-13.164664867212995, -7.3754981219695015, -9.294462557591437]
[-11.432460444769031, -6.649300488607405, -7.764732427737185]
[-7.917048706685627, -3.737980149542169, -9.316361669878127]
[-3.910431542568441, -9.045552088272611, -7.784954329040506]
[-0.5217329859188415, -0.3050090535032177, -11.42109159895595]
[-0.7160110093668431, -8.115649478981073, -7.555846994935102]
[2.571259572541857, -5.084885928015759, -11.330758535051022]
[-0.15819117874387295, -5.361620153185077, -9.793446958498993]
[2.0250690305912045, -13.140317662287277, -11.371836925088836]
[2.3456565458048773, -5.918125046044453, -12.385268404549471]
[3.21342401994999, -11.964844870081304, -12.208836492394779]
[4.161058127036746, -8.03546797509007, -12.361323918821096]
[3.5927587673670676, -5.5006605819407195, -11.874244132016662]
[5.115000771773742, -7.767409263533629, -10.575163086118335]
[4.509045998817854, -4.712886665894096, -9.237134461931237]
[6.029239956341583, -7.945018763033726, -7.935813748789384]
[9.995417445657313, -6.986149848603479, -7.4464227279624176]
[6.734446563055138, -6.653208688441237, -8.408056320311424]
[13.569966637380446, -7.525306978284369, -6.1724343644664765]
[5.951189967869942, -9.649260776663509, -6.838861634973474]
[9.87359466623835, -8.14311262069636, -6.476358779300186]
[6.568850992688854, -7.262892218997214, -7.564880536802871]
[9.482132125464833, -3.8097601971943713, -6.436249285707612]
[9.235058305600647, -1.3389248487247505, -10.518816610224597]
[6.753372917208475, -1.8250335477576995, -12.543674078113241]
[8.487774346958044, -0.4593795433355954, -12.34439504054977]
[9.481551796701803, 0.31591726939571885, -12.109001663446222]
[9.622486118909965, -1.8557371817300004, -8.958524187561434]
[13.406941154802048, -0.6518341004871195, -6.8950737351375]
[8.941303193081225, -0.596858559764194, -8.2954333936561]
[13.938865497893831, -2.684294927172297, -2.286004413607359]
[7.626781661382691, 4.162369576250429, -20.202496610206065]
[12.104416888806632, -0.5071483696995913, -10.636661898105976]
[9.693313981450132, 3.453675851409506, -27.063032882889985]
[10.012916028829615, 1.3700193495840105, -21.047768020648814]
[13.78831910842661, 0.8490917181005369, -19.29140522647642]
[8.585584916542038, -1.0543719862542, -20.79262385316897]
[11.127802741922638, -0.45909492103426225, -13.488596296225158]
[7.688513996246572, -0.6354983143791975, -15.429736038068357]
[3.2986791191520486, 2.3525019098627196, -12.700931857837737]
[6.996724996994684, 3.411789653756065, -12.435911969337827]
[-0.8388491223212708, 7.719698184350351, -11.981932233515575]
[5.343669981036166, 3.825506632022883, -13.163157744004906]
[0.6761675941837069, 11.220806163836391, -10.842182968130949]
[4.068504165333669, 2.807772339035992, -13.626736414218911]
[3.335603346086482, 13.788278722081802, -9.936888886245109]
[5.990439218271352, 7.785217118291112, -11.281774119913281]
[7.887742130887014, 12.156536071569915, -9.556567016941624]
[8.42166212066633, 9.53954881522421, -8.621551953478617]
[4.125670708339486, 8.535230983183972, -7.447951484758083]
[0.9943829506709627, 8.810163974950214, -7.038668099360904]
[-2.632498931846329, 8.177786707811018, -6.486137759383833]
[-1.8735485921660273, 11.15050075329429, -9.334820129035538]
[-1.7051616903733304, 8.289187263831561, -11.482316366878175]
[-1.6549310710358156, 11.799146811243634, -8.848942339249252]
[-0.9934556539447592, 6.368734545886174, -13.582421346675968]
[-1.3922353112830312, 14.982310338067226, -3.8369994337852753]
[-1.0270675683457646, 9.07234154236664, -10.842896517800781]
[-3.3259600502283897, 9.307827692512488, 1.3413196018692242]
[-3.8306851514115423, 10.284114944542084, -7.504413926158866]
[-6.765322248838504, 3.533017316574119, -2.8699432201892354]
[-6.465283276435223, 6.3475447507685585, -7.904698613416065]
[-6.873194867430005, 2.961947379782712, -8.951332321484838]
[-4.330648029940966, 4.075879021052634, -10.640203262562395]
[-3.69615462986092, 3.0709862046640417, -12.713439593106934]
[-5.574174982974884, 3.1334179733622287, -12.323984060908565]
[-6.519549862646684, 7.73188683691526, -14.110913397139283]
[-8.796962665542178, 4.835349501606066, -16.627135028910963]
[-8.19015088218162, 12.526621587476074, -16.099319686415015]
[-11.01555247395902, 8.447085359704477, -15.460115376419292]
[-11.38098209181245, 13.814296328129494, -13.2511446307028]
[-12.079143426053845, 10.597095009258613, -11.151382601158287]
[-12.584405727394447, 11.604683542535602, -8.470576745752108]
[-11.73569226263913, 6.995348228043144, -9.811821242790396]
[-11.688510753304495, 10.21487164779315, -9.760776620331724]
[-9.314637984789009, 0.9728105824869802, -11.78448853175666]
[-7.516123407722377, 5.455207824915799, -8.531817810266455]
[-4.977441084183744, 0.2806620706786791, -10.27800673017506]
[-4.036731077866239, -0.9104110917161046, -7.312296671028471]
[-3.972565595864064, 1.330808406919619, -6.157047223364536]
[-4.162547716885758, -6.156212608075127, -4.367987115882495]
[-6.83296865956289, 0.9289278250609797, -1.705277328520248]
[-6.233042441842128, -4.144333813583655, -1.9598885488600772]
[-7.181590564815694, -0.44791717349050963, -0.5430441707415534]
[-4.736925413620271, -4.384882177273656, -1.578302024033782]
[-3.211135256320282, -4.345876609143277, -0.7254648983094931]
[-3.437200766362695, -7.281109715744364, -1.082163358433009]
[-5.420127794440756, -10.228900568069125, -2.6913090382927987]
[-4.975689203705486, -12.512166831139007, -1.546259816222685]
[-5.342479497724611, -7.209583701591818, 0.8838185555009415]
[-2.5115524798580147, -14.342621049625205, -0.3041613390032456]
[-4.516607316154859, -4.22623947688531, 2.9023922373772395]
[-1.6928389761703537, -10.845271054865737, -0.9399531805532337]
[-0.8184977455324336, -2.7387285837581317, 2.7462274392728667]
[-1.3196199832267888, -7.640212481928664, -2.056639457665387]
[2.0142387897986556, -4.650312978865063, 1.2878222907804755]
[5.269226358484391, -7.676260050808437, -1.8562805361322452]
[2.601994543797693, -9.182302431847196, -0.33962913035917985]
[10.842431664214887, -7.492907803113589, -0.6802712540304956]
[7.632349809957105, -9.803596319607918, -0.4401488688505628]
[8.788907437310229, -5.3435568881001885, -0.9790956291707662]
[12.651412127171568, -4.5817748209850375, 1.450021632512863]
[9.648290169095816, -3.433992126436725, -1.2703980042393628]
[13.119759714173483, -3.293857840450753, -0.6710708240119203]
[13.549226632790287, -2.8640046788954736, 0.19929191556154935]
[8.659613462313134, -4.251572038813609, 1.597091657355941]
[8.964396018060324, 0.31331041699710416, 0.6968627572528736]
[6.876223888620233, -6.630883040030205, 5.551796178880027]
[3.2480276071937713, 5.145649452945099, -0.06434464663893635]
[5.86439209542687, -1.9283874282328555, 4.515591091982325]
[5.899084970154797, 8.950880915385174, -1.2966768693022388]
[6.029568713432082, 5.898349993687557, 1.0748687068961313]
[10.923259624822553, 10.260775268334957, -3.791688172472492]
[7.464420713354164, 10.748703335217861, -1.5954245906952949]
[8.76859675612019, 12.092901998854428, -3.5225275575269315]
[10.901476534951808, 12.102492389501101, -5.045212674158778]
[12.102191275949524, 9.05276261720857, -4.171377791391782]
[9.99874184706745, 11.118667364279826, -2.329587248908134]
[9.92306563048631, 6.57364089055163, 0.2799554719276487]
[6.821221681153317, 11.678492133200546, -0.00014325275843773966]
[5.747150944121257, 10.17241215505001, 0.4875102009076109]
[2.0110894594996713, 9.153261196503102, -0.10335732134183395]
[1.60742391882405, 7.232451097376319, -1.8494531714655924]
[2.9060845209546793, 8.282193305161488, -2.900912564071568]
[0.3126731353149115, 8.436114484321218, -3.496223215743276]
[-0.13846269689500867, 4.718435652383819, -3.2008684102616396]
[-1.2034867830123792, 9.475717914889326, -2.912034225253353]
[-0.7743579552704856, 9.155621153968934, -1.7335506556137998]
[-4.000746517835859, 12.174881841935495, -0.16016756816645472]
[-0.9466241254847281, 6.178565823430463, 0.1959693056410443]
[-6.872524036484147, 7.37721508676138, 1.363542707919442]
[-4.558105019536731, 1.4268220012651796, 1.9668899854635855]
[-7.3644202047567795, 0.8421442972045001, 2.0943844158434137]
[-10.609053957451652, 3.811185081216932, 1.6258392495681098]
[-9.354704269979791, 3.5034316485913606, -1.0335376525143314]
[-14.206003023223765, 5.674420567768858, 1.377580594655706]
[-7.754470582073194, 0.4504357511883912, -1.0430797681593815]
[-11.265506145136401, 1.5584586926677197, 2.2098358519279206]
[-5.198787270331989, -4.090025358145748, 3.434482229939266]
[-7.1655598103950675, -1.8523445258662619, 5.636822815200151]
[-3.928088249958686, -4.14952407617638, 5.452948733231747]
[-5.67567303357806, -1.5788335249418104, 6.8079882875006765]
[-4.1263779556600095, -4.935627661749176, 4.762143459398669]
[-6.052025464026406, -1.9842594853178528, 5.242598175958937]
[-4.7248789850925235, -8.774198630374881, 7.9865459497003535]
[-6.685449174457123, -5.650205396329839, 5.241999316775129]
[-4.9473142100534835, -9.069302859356679, 12.217517231839889]
[-5.530583216371227, -8.725927728420952, 6.179520631266007]
[-5.008654098342253, -8.368619141664595, 11.183205622970181]
[-4.817483123938755, -8.381210843301867, 8.636294412319856]
[-1.9925063223553945, -7.394904698564689, 6.739586921471454]
[-2.6138078313804893, -3.7140740911397563, 6.325242629042624]
[3.052205589486437, -8.037005072811017, 5.631842362831261]
[0.9000733321872396, -4.6670265470850065, 6.1231178786056955]
[8.231261634659226, -8.604547515548328, 8.417915005720523]
[5.145611209994256, -10.99794039821985, 5.643267391254866]
[10.700058275369987, -3.8022102670762608, 9.827309219394]
[7.437862895883235, -12.156061801681298, 5.481954458508462]
[8.150689180601486, -0.9203508149515434, 7.313510157428756]
[8.663734813082556, -5.277052700534509, 5.383478906530951]
[10.052651483241487, -1.0137850265325903, 5.3681890925030835]
[11.575865158554944, -3.8263902292876204, 6.977745728364629]
[11.574895226618152, -4.444809638866053, 10.23398227459283]
[10.807469031285429, -1.821956518695261, 10.316680189643192]
[8.756658840269164, -6.3971178890416445, 13.22416285344655]
[10.270449299334402, 0.5128032807671068, 9.222923121490858]
[4.519914881814775, -5.532966345756227, 12.379961275574956]
[5.410888437219903, 3.3616055409452006, 7.461965770037562]
[3.5190297666366375, 1.2571626478790765, 9.977309246848929]
[3.967362953256051, 7.053141794457163, 6.740199975089219]
[4.483025208327386, 7.30374587472051, 8.452060375933613]
[4.04963749425293, 11.599483423172359, 8.53467826550047]
[3.2661334660081556, 8.608957407965232, 9.016293266755483]
[0.9591023725966528, 12.156048004238755, 10.617120998061186]
[0.5719982540936341, 6.615841196808871, 7.999194708366493]
[-0.8543742848754416, 7.337038384396436, 7.856063916520014]
[-2.3435926916911463, 6.598196668230375, 5.8113829697315165]
[-3.310037466729459, 4.7743446499887305, 6.263264850730868]
[-3.2697021028918627, 7.737468540555019, 8.901043946218309]
[-7.285558313447643, 6.907988153708192, 10.484605609856617]
[-2.9053180942370833, 6.077106371685579, 14.03283068545957]
[-10.9823806180232, 8.154001051093832, 13.186785112039832]
[-4.299277334527268, 4.00972669520587, 14.720969707829637]
[-11.696073403270592, 5.522216008108187, 8.361662495892237]
[-6.082409303307233, 3.3312413854440144, 14.075662705730785]
[-7.980602350656656, -2.8174760124738976, 5.233185702410752]
[-7.252369247667639, 0.031563994384544714, 12.220675669876933]
[-4.699906085816885, -8.252005988200391, 8.153694557572148]
[-5.994628640089912, -5.024893211701869, 11.532287741397253]
[-5.579387298902236, -4.956981682947648, 12.39773352184364]
[-5.239080389849088, -4.667182282414382, 11.054433620517246]
[-6.885572014285377, -2.1832944237107403, 14.728256633666026]
[-4.5617324050160075, -3.7925219189967123, 10.582145881652048]
[-6.210123281398341, -3.6527686288061094, 15.644192850077458]
[-3.4816039649963497, -5.491295893850455, 12.074418913612547]
[-3.668545973856614, -6.365688412065085, 12.591584554636224]
[-3.261854642913459, -4.875830463845876, 12.117443307410017]
[-2.145281316868056, -6.195913104331643, 16.61939274449272]
[-1.138501762497971, -4.340223998410698, 13.950996094384763]
[2.340432780054606, -5.1871058358603115, 12.4285560976287]
[4.487089938969523, -3.5945484879128773, 10.039898906716651]
[3.1736886469424856, -2.37770850572044, 9.821432763565024]
[3.7254618212720216, -6.549619105219951, 10.440835318064927]
[3.483245470604049, -9.936427779974132, 10.984859775098386]
[2.6197158978171724, -8.499996239881813, 11.253225459183174]
[7.776256824007497, -12.166180272978387, 12.195695386545149]
[1.8783302633015926, -3.2533938804750937, 12.112526987210675]
[8.99527415051546, -6.412878907018056, 13.439358136923062]
[5.363801346077876, 2.539990641631463, 12.928665530548884]
[9.552660178468425, 0.010627519970333399, 13.945108290750127]
[10.11990744014421, 2.3387418341621373, 13.723482903310684]
[10.31939325174915, 3.075378428450203, 14.783608285697595]
[10.857116029880501, 2.605644220385921, 14.652885935449584]
[6.2867580797863765, 2.6498317818859936, 16.31434434445181]
[7.709492179723359, 1.4888697385176082, 15.544485477021542]
[5.166490582913537, 2.9890156009661073, 14.022084242396586]
[2.583180099767958, 5.602823301523918, 16.708531906779456]
[-0.25268907793778905, 5.033019676101189, 15.457616512030409]
[-4.0375545320990085, 8.055094835269431, 15.877724065981695]
[-5.492459082720237, 9.440151742408286, 17.0472010246902]
[-4.3881545461761515, 9.75809965518461, 13.934314900624422]
[-2.1544279781373863, 10.753257569186104, 13.830391769549362]
[1.2678417086624774, 8.66553063149355, 12.140759789508767]
[-0.49131038267416716, 9.087954512291788, 13.76075432514345]
[0.30314484214344417, 9.450404312780574, 12.243246892645482]
[-5.0747900272620905, 6.493454639591219, 15.979665044074325]
[-5.345510264359114, 3.4165568057829647, 13.441079259237867]
[-8.008094678506096, 0.47183650388906706, 13.377673362761737]
[-4.326660983197504, 2.48265666315058, 14.672688151649211]
[-1.6482389110824849, -0.006996307335764174, 17.235240027357182]
[-6.528395689417745, -2.994798940728394, 16.64185816996457]
[1.4759612892846792, -5.464605290529372, 18.82330891968759]
[-5.226331869377299, -7.815048192076546, 17.86757818570432]
[0.8175709029588355, -7.623403091316353, 16.575069159340586]
[-5.397965289232209, -8.790015030553795, 19.287682980730885]
[-0.18075654636120925, -7.478640837602132, 14.846040045926564]
[-2.349479935285168, -5.597013525743621, 18.593104050639596]
[1.3776764816217522, -4.6371346706137535, 17.271399306758795]
[2.8302684443467703, -1.131232545419314, 20.152030904035602]
[3.590493713492603, -0.9425041345419682, 18.513803598789412]
[3.836142031282216, 2.0425209136405895, 20.912771447472444]
[5.926394852392694, 2.811152619941906, 24.923551109797902]
[4.279024278777659, 5.945261888282264, 24.052271245005183]
[1.1919368394170007, 7.2016695962402615, 21.03058781393787]
[0.927392964258283, 5.434643182964718, 22.023860955569937]
[-1.1203191233505425, 4.779588463970139, 20.988047935720587]
[-2.6816882202390824, 5.587382542308411, 23.70213700734109]
[-0.5585030181232371, 6.607703694153557, 25.842093037283842]
[-3.8357111885813104, 5.188037865758801, 23.16419117541283]
[-3.5826962680837617, 5.910097275872079, 25.24632409279536]
[-5.1190120841502065, 6.452818647676605, 27.13888396095721]
[-0.9965293769025209, 6.970432480798402, 28.0123178165164]
[-6.724045045592502, 6.31510173191541, 27.250762700745668]
[-5.8470765547372245, 8.23632145571802, 27.38763587219928]
[-7.01585664969519, 1.7291833545598367, 22.842234222354918]
[-9.117499688629696, 1.3469025492480053, 24.441999611736456]
[-5.422374198509891, -2.491886699835164, 20.758767756088133]
[-6.543247064824947, -4.560644906718776, 22.542571658637286]
[-0.5147702899102029, -4.116547726910676, 23.186360043012503]
[-2.989599766557477, -5.210125763772011, 22.551961945716027]
[3.3502538643013047, -5.237900328481042, 24.004433477086938]
[1.7668139972822765, -5.099302407346687, 22.006180897898933]
[4.590715684016276, -4.4278027501361805, 21.05136313304462]
[4.880885573533875, -5.481222709612544, 20.878514326815846]
[3.816677917849943, -3.264003303789614, 23.37708052971297]
[3.595759716352007, 1.6644090243789738, 23.438597914093023]
[5.509736578507805, 1.4001939521658278, 25.85599247509463]
[4.701154282410247, 8.503888306889307, 26.672259941201997]
[3.347987773841942, 0.9677499955804758, 27.26904529437144]
[5.277337910858113, 7.724395878296937, 32.54480330503382]
[2.844027848188807, -1.2733760523299582, 26.682245067049983]
[0.6865533019814203, 2.2680792134069376, 33.6618134367796]
[3.286475962201152, 0.18597871689199819, 30.120664910075213]
[-0.38265723880024805, -0.9156517405188422, 30.590359328316843]
[0.29638167291049333, -0.24179533640996742, 31.729186447249038]
[1.6786174364983246, -5.4537254678784155, 26.004181640526642]
[-4.756894443311506, -3.9901079694410164, 29.254335664113317]
[-1.7291008363067677, -11.172075171604824, 21.922486772695535]
[-4.750199750498541, -5.5421458743283605, 26.334238183340815]
[-1.8619744682711548, -9.014410155367841, 24.130326609856617]
[-3.40789257873326, -6.460374168675917, 23.570473693828312]
[2.815144680606936, -4.3349649287867145, 27.821726464995727]
[-3.966878530386608, -3.2001473786689165, 23.551599045453134]
[5.941590639327199, -2.3273000830365143, 28.77509890639543]
[-1.8232726133084254, 3.966705062414255, 28.700321659045038]
[4.494723029739563, -3.094952225790907, 31.014597479544506]
[0.9453583163476909, 5.142669577583596, 34.33873021576562]
[-0.9151904318236475, -3.9285418136445056, 34.768434010235566]
[2.114065944905179, 1.9334397930283769, 37.74755110804722]
[-4.130880006929471, -2.8358554454350227, 36.219221926113974]
[0.8490800375058624, -1.2499158756492228, 38.04029387825243]
[-0.5418209074849762, -2.9426813395676574, 36.89233609131337]
[-1.7028125999730768, -4.627245169060501, 33.77649081416053]
[-2.6364416370217074, -5.284051350703033, 31.8872417662248]
[-0.5277220916658543, -6.741490344108692, 29.76593957617961]
[1.9379782349406918, -6.087048777936138, 30.14194270086594]
[3.166193177793029, -7.405452005359908, 31.783940609055062]
[3.437060876891339, -7.321504440187262, 32.529907466030124]
[3.7408884541624494, -6.771332227869619, 35.19923262508083]
[6.820659715549157, -9.795506023769146, 36.471913121373596]
[0.6860328885226803, -1.0070836338511189, 37.33436036481846]
[2.2379279974303894, -8.859835888272764, 38.61888345085719]
[-2.823487095873022, 2.59005285654713, 35.333742344879255]
[-5.3471613154849145, -2.782162541092164, 35.64577161397559]
[-5.380952915206407, 1.7901094700663078, 30.23522144463981]
[-5.511051311221371, 1.9352447860599538, 30.685779415118265]
[-7.94184136654574, 0.7174567230999739, 27.15458133593347]
[-5.20271995844335, 1.196705975347736, 27.551813765912584]
[-6.677897319172416, -2.5437252319680184, 27.67037094783109]
[-7.092441561883801, -2.2287720040536696, 27.755096855128535]
[-3.140054075262352, -6.569181878077175, 29.57579075953167]
[-6.171562584165294, -1.0547486620201454, 31.222128493702552]
[-2.246250240594488, -6.917676980287251, 31.819915643326247]
[-3.987869627878373, 1.098857751444069, 32.89464857948111]
[-1.8396826112223195, -6.820510279606627, 31.077300984366836]
[0.14071202724737653, -3.6762650636373535, 30.8955937130178]
[3.314572150617515, -6.734885831924148, 27.39827194703186]
[3.904556973132169, -7.7106722779264825, 27.24500522310135]
[9.123653841525645, -7.040193563820009, 21.643801556863277]
[8.742013382562178, -6.887257296480459, 21.19682998985107]
[9.047426186998457, -9.977478039642733, 16.686149783367227]
[6.420720348298724, -5.219411575453809, 15.27418386126574]
[1.8626930311211245, -11.583754395936893, 14.671107542763465]
[-4.191622102275163, -3.182800574153558, 13.774978840160673]
[-7.566777665064988, -7.468610199521642, 13.59660527957633]
[-11.217626062965497, -3.4876305957144447, 13.596615039588597]
[-12.005033703018094, -1.5264851549584293, 13.868642885944112]
[-12.385684332240174, -0.7564707254162932, 15.437982761639503]
[-9.587437219416014, 2.1508185479426993, 15.72308534015215]
[-8.979198190677547, 2.4018326166588864, 14.487031319698502]
[-7.4418127160825325, 5.718533979621663, 14.752331004704242]
[-9.801014727565853, 5.194940319757437, 11.192094583810071]
