[-4.987695261541013, 9.424246020924455, -33.12578507720924]
[-6.244717221953994, 10.354277288967904, -34.47612831339991]
[-3.5384659541182297, 6.253458552704646, -40.26239601038746]
[-7.282862364935716, 11.87519467820783, -39.91495783622375]
[-7.063985547504456, 12.466080799404306, -44.003444122856926]
[-9.31739762757132, 14.319054423876798, -40.657064238312074]
[-7.442161306850288, 13.594013057618813, -45.38298869630733]
[-10.69520307545, 15.04585964165444, -40.200056987762125]
[-5.14870886957001, 8.728709557415756, -44.007771418624415]
[-10.175264907802621, 11.56005014030743, -43.533462928423866]
[-4.417148474926667, 3.4086952643962483, -44.0827371873132]
[-9.09839310202134, 7.217076242568407, -42.1442209413255]
[-10.109518519245146, -1.0170042455246553, -41.764442974991766]
[-6.784552980723582, 0.7533654379865007, -37.96131298328859]
[-13.662027064734058, -2.035966860792255, -42.03965037030639]
[-5.658983535899807, -1.5686893257046879, -40.66876215893309]
[-14.33562681826976, 1.5803161066416564, -45.42447605767397]
[-10.247797499018642, 0.5609869918596367, -45.179071435736894]
[-15.289733738413052, 2.287139983217339, -40.85396161258112]
[-13.521523039139598, 2.0372680975768, -44.7576215065319]
[-14.632184215972337, 0.9086208399975354, -38.29565637838413]
[-12.664816376100717, 0.781374819449864, -40.90999756937585]
[-10.714770805189701, 2.1274902724698697, -43.12493476859561]
[-12.789967834618285, 4.7601039212394785, -38.79434303511195]
[-7.088412505591041, 1.4600716574347694, -42.42165557175092]
[-7.137534765739153, 5.791169638649212, -41.449035248572805]
[-3.6681130310707952, -2.633346019769759, -34.96546479467885]
[-4.217395927804807, 0.11493481022582053, -40.66001460416198]
[-6.754450504938482, -4.05367527337796, -35.77475644200263]
[-6.125171256316481, -0.9942880892195742, -42.259665786338196]
[-13.277455927904992, -3.9044152201092253, -40.30218108300027]
[-9.206240465753995, -2.8969794260236084, -42.09252249916719]
[-16.42603248080453, -6.739535868435449, -34.964346243031024]
[-13.514717878504008, -5.391556840752841, -37.56600798817241]
[-14.331358067214431, -8.220523036589933, -28.070838042170024]
[-15.448232843188832, -4.111536370428183, -37.139985782478504]
[-11.143774131294592, -6.51748836225198, -28.389706235069696]
[-9.302456789655135, -3.653065887631553, -37.627211188641155]
[-9.877579108920475, -4.845180468424475, -35.21005094452338]
[-1.215462614402658, -6.712455255795767, -33.89536477655752]
[-4.989099910194869, -2.9069714845352883, -39.5895072277689]
[0.8567332469273168, -8.007978501449452, -37.2974161415375]
[-0.9224431955978439, -6.87324420108772, -42.592809979342434]
[-0.7776363195594628, -11.426100673645077, -39.89066483446488]
[-3.1698904438032938, -13.032473151012708, -41.750916067553874]
[0.7615595311911616, -17.395574156643633, -34.70477215945961]
[2.786329786382739, -13.415676067239282, -35.36450893613501]
[2.702188481835451, -21.951541768405708, -26.42118337612903]
[6.760552801555685, -13.535626639865136, -31.874336265537373]
[1.8250299729372141, -17.445860704572503, -28.590367058873454]
[3.134905830188665, -14.028747774189657, -36.33884160195715]
[2.829423448485125, -12.465915185404878, -41.25717817244568]
[2.4292604668071163, -9.706388673925137, -39.72961616001764]
[4.77479509750704, -10.329520550862354, -41.05287808849004]
[8.525531064619528, -10.018372770846774, -42.32405974446482]
[3.187438743912828, -14.715634884401094, -39.909148007843584]
[9.83154930791559, -15.031476626066636, -40.9228349681822]
[9.537844739218862, -17.009814155438686, -39.37434546593458]
[6.178496560378247, -19.623916818156403, -37.48905306126338]
[10.581150214867925, -14.160099098116508, -39.71078347988154]
[5.264495742288754, -13.303906996137918, -38.56482200953747]
[10.096278629809687, -10.26011261969536, -37.03022010670793]
[6.074709632522458, -5.566969908859735, -45.12254037001182]
[11.764788376597437, -2.935167467706215, -39.446412903958816]
[8.601515235864255, 1.345983307840369, -43.397207604039245]
[5.563476781419377, -4.799894633603947, -42.42279139462382]
[6.539358896757237, 0.39527181441278914, -46.35174117371194]
[11.003162780915478, -1.9976048576371837, -43.31038621322068]
[13.438886474208356, -0.2838257287798177, -38.873103266221136]
[15.140177640657267, -1.2543495592221643, -42.68321018344395]
[14.876541727355534, -0.24445354199004854, -36.91573317713842]
[13.878473287209832, -1.9188604840576453, -39.39564603505526]
[12.019657715051151, 3.3127892340779344, -41.525704621151675]
[8.075183814921099, 1.5328600539330475, -40.513654683860366]
[4.510395350922131, 1.7944447665495118, -43.611673521674845]
[8.619435751028373, 3.0651258879763663, -44.12968728523576]
[1.13269941397306, 1.9428772917612007, -43.03487850016789]
[4.58275596887573, 4.804561713179421, -45.459076839848215]
[2.420557478062478, 6.465633596622387, -44.11427757496498]
[3.581715194186615, 6.334996069691538, -44.97135671645049]
[5.902778965056024, 4.266871408413023, -42.17390630062273]
[6.2843197825394235, 11.27947618982974, -44.0447602262465]
[9.813367111586773, 6.222354016141885, -44.82015626412692]
[9.20948651739915, 16.775971319542748, -41.43956551356374]
[12.627353765648412, 11.280164051409791, -42.61394342706086]
[9.96355583713029, 15.84241307196621, -37.79359675392861]
[6.611003498557124, 14.10931146505746, -36.655637820845044]
[6.8145772730017695, 10.595691986691744, -40.14379803396584]
[0.8986736449520757, 12.999781928247996, -34.38643494226637]
[3.818571258955266, 4.697400725310115, -39.10683012949916]
[-0.4171903739529228, 11.738756368740056, -40.47263534552617]
[-0.5002779876006649, 8.812419368527511, -31.959027626116214]
[-1.942246700213001, 12.239136983932873, -42.36078114436026]
[-1.5429103459865325, 8.275065248071012, -38.86687171130615]
[-3.056600988946407, 12.906780713806587, -41.668891287818106]
[2.6240235736366024, 5.751799374749044, -43.66540379285048]
[-0.8219515751987276, 11.349233414911485, -38.10282167255652]
[-1.7511155745999818, 10.91678706195778, -39.7218995000959]
[4.835778570734744, 8.72434429097142, -35.86063158197598]
[-6.482636655750062, 11.516566398308267, -34.5250841712309]
[2.523594525070936, 7.988487183712559, -33.86268624760145]
[-3.0634811383149025, 7.000609883846943, -32.43727282798205]
[-2.787431339411232, 5.9548610707928065, -33.59133673855798]
[-4.260351944835831, 3.4009260879867687, -37.4261448769723]
[-3.05461563906054, 0.4019016451140412, -36.034727210974616]
[-5.840716311605371, 4.314783750235165, -38.825593886909274]
[-8.184997997669383, 8.86853994362636, -37.51766669614409]
[-10.715462905242154, 5.532654852952851, -40.51973278176309]
[-9.273521030310782, 15.291006568063466, -38.866095702849634]
[-13.369516637020508, 7.285900729517831, -35.963417818927184]
[-10.206694912777248, 11.73725159298647, -33.97924203498851]
[-12.208989573489369, 15.042222582258525, -33.72855771454146]
[-12.235654525974006, 3.8844712841287254, -31.84312838742722]
[-14.620819988913176, 12.911275292964069, -33.20211653361418]
[-11.3570300930357, 2.256349642430635, -36.13240644087054]
[-14.89469852234225, 2.096448626621353, -31.920229030139872]
[-10.903789112099336, 1.2390120366225614, -37.26400034659482]
[-7.781705197863792, -1.2662998920513735, -28.701397838050337]
[-11.277123860013008, 0.4183497631300493, -32.976131889867666]
[-9.269769350543637, 1.1651995337195682, -31.799027521385852]
[-15.31847398667578, -0.6879487382043579, -29.855978034961506]
[-16.60112096338624, 0.7537316970515275, -32.32737258403273]
[-19.195301855282814, -0.07616968078420011, -26.069976016432246]
[-16.894169711881467, 0.7982913942152762, -24.721068053075033]
[-11.355324484351943, -1.1810118215153225, -21.730545245185922]
[-11.442160571282484, -4.310785349927034, -21.561183117933986]
[-7.2363594705154455, 0.6847634874310553, -22.791493969143954]
[-7.235159058072652, -5.705740043361933, -20.191227278391928]
[-5.156802956368484, -3.360947788939047, -25.451718448141843]
[-3.260279304988596, -4.743854001784915, -21.198599338288155]
[-3.579237152044912, -5.51678679518471, -23.406565110474503]
[-3.506471048477689, -8.135074457195234, -28.646449103613364]
[-7.311734040233874, -7.87425980905297, -26.53513362237716]
[-7.210387216447826, -7.671906142737578, -17.905897483582763]
[-11.159389809471378, -8.589397268745781, -21.59705251245697]
[-9.948669168648008, -5.067137199561037, -18.988213204335718]
[-9.118235754299802, -9.357337331657574, -18.809925752794605]
[-7.089389843942487, -4.56198940160607, -28.663041082258882]
[-2.2407163649720996, -9.897220564861476, -23.295387953189593]
[-0.14528797228780183, -10.600670432457397, -29.2038204556766]
[-2.220590496545244, -7.4792398359065935, -29.901960532643336]
[-3.275733990346073, -15.051837720709354, -26.959489692176064]
[-5.559407312070432, -9.3893585151792, -26.648867208872307]
[-6.8229216033381785, -14.42090779100261, -22.69763380813454]
[-6.7382704238957345, -15.087895383173208, -19.620802531072307]
[-0.4856229951187423, -13.601496825968166, -18.08847186051473]
[-8.884136481886122, -18.73778629088617, -15.949040169664302]
[7.381837745176534, -7.968794966908023, -20.175542067319885]
[-11.733265985551483, -15.387621325186753, -16.450167350327245]
[3.938476001283896, -5.538029767435772, -25.846144385411417]
[-3.8327526855252634, -7.225544792704676, -18.917438729194885]
[4.68637288073349, -5.396536541464377, -20.288651843053813]
[4.604615925877843, -6.219726859803553, -22.744074112782965]
[7.44864911992521, -8.638760676162093, -24.421589359481153]
[5.343669577450068, -13.709691391649661, -31.210853709191355]
[9.966057888258884, -15.85431904137782, -25.274742830767988]
[0.8237891072537102, -14.420491364831701, -20.243506860316696]
[4.557694332193808, -14.926200508960676, -15.048258991194306]
[0.4595754996536108, -7.665386024161041, -13.01490129626681]
[3.6308984656900725, -9.201161042589067, -14.09919315371189]
[4.6461697698509035, -4.776356552770481, -19.60223259340402]
[7.759591336623515, -11.352756401334926, -24.600805299095228]
[4.314501543364164, -1.6490413653498366, -22.902820033743684]
[7.061813511232723, -10.605436764341603, -28.67262584361383]
[5.13299258900226, -4.268486118315215, -27.58279893476066]
[5.7531086352072816, -9.312504280668962, -33.506836297092704]
[8.648320348925465, -4.458594558701029, -32.81347193289631]
[7.110088191254796, -9.704177154880739, -37.637981162979855]
[9.274180232587689, -7.9556999668799, -37.72356484106426]
[12.456782215599372, -11.456589725153643, -35.88733610035436]
[14.498255763501069, -11.026491897048945, -36.53364077685316]
[12.772894289860927, -6.321149268619115, -26.093690779174743]
[15.984955776046665, -10.984545128043852, -32.21332374730981]
[6.172127308689218, -3.680610788748491, -18.068956932758233]
[11.371328881635478, -12.02365130959361, -33.667516790914156]
[4.800212361402698, -5.74982443346984, -24.402047726958436]
[10.710314174188404, -12.695905106211445, -36.34395486503567]
[5.309667248299915, -1.5763621884541814, -30.141110482978913]
[6.873711764661822, -8.317300787785264, -33.10815906390064]
[4.64917938296435, 3.694400084883878, -34.549649369674825]
[6.780704682276791, 2.0015818635825164, -29.93965189182876]
[6.9371348819623755, 6.514779105890129, -40.400527981993235]
[10.809816005337384, 6.058530614629085, -35.86944022839192]
[13.080775363941514, 0.6943009785560519, -34.721045731018314]
[13.742553598058453, 5.373885315559476, -35.87897563071729]
[14.234231607701398, -1.464007759381571, -28.865182130610204]
[12.048876175610449, 4.316598181002771, -32.53863248542618]
[8.478286728661118, 2.994481929194917, -27.681100898941903]
[7.142503648377437, 4.5920258578799755, -31.08622672502795]
[3.3689732439150673, 2.3257855752169254, -25.100274893210397]
[2.8953440891436535, 5.162317294371941, -26.590940747159443]
[1.420803463312068, 1.6369614062502678, -24.49555836922174]
[2.5507153588018263, 4.082881822925288, -25.917588907372586]
[2.991322462862284, 3.7003385769181953, -31.095927696289962]
[-0.15314355792736914, 10.611996987205153, -26.66108049012155]
[2.8712876220476655, 8.259851003042524, -26.96032124991833]
[1.3210176547648151, 16.389226714113022, -23.397174792189922]
[-0.3222410824381874, 17.240893626829966, -15.600571282763884]
[6.8241022669974365, 13.875184886663302, -24.24072499543271]
[-4.098729705875976, 14.003783002923821, -17.080441592391427]
[3.5130425241265484, 6.7478381931304625, -27.27550573646511]
[-3.836780948069541, 6.118316874628129, -26.612778388028495]
[-6.150876206877738, 9.08454359313029, -28.0901850364885]
[-8.29145774417627, 3.612455279144065, -29.62083078405253]
[-9.338398217201794, 8.9839763967335, -28.343636066456277]
[-6.003822316360379, 1.7553464377869603, -29.740737353410537]
[-10.294025229404262, 5.487660093118578, -26.33324631223858]
[-4.7725344536744325, 2.9944424731792014, -23.835770112857986]
[-7.79777245905416, 2.6105890990443994, -23.393367376678356]
[-4.7883352728410955, 6.241297612546324, -21.08655902986426]
[-5.853194947008152, -3.6174116589181473, -17.825675433777693]
[-2.339365106013643, 1.7708483458528452, -20.41320723245517]
[-5.7462677883701625, -3.71659775901506, -16.722709175918844]
[-2.565025432160339, -5.386124626548337, -22.052453702062245]
[-9.83511203141964, -1.3782738185303434, -19.65038893688009]
[-5.778072125063028, -5.179920587958596, -22.249176016552152]
[-14.03315557069238, -5.055796816088371, -16.522231086229194]
[-11.440820183944634, -4.904701485684211, -18.164686234165707]
[-13.96623881010224, -8.413551690602896, -16.457952066111886]
[-12.234034387658276, -7.6873540572408, -14.928221936257634]
[-8.247380107142757, -9.0126703716892, -15.56405034468959]
[-5.203210911491467, -1.8647133791103265, -18.031480420539516]
[-1.1766308637726153, -11.154540942122813, -14.33283733043232]
[2.556597053875293, -0.8214118651628965, -19.137681794413282]
[-1.8585390407395614, -7.152865153106122, -15.105835676478783]
[0.9827742054299309, -11.42446712813541, -17.85081429272966]
[-0.06099120252667489, -5.646482290530821, -18.808037257560102]
[1.464215969973988, -16.93227533370593, -19.21983857448891]
[3.149156408357939, -8.265874938824874, -20.28947856857974]
[3.3594841841475005, -9.073521543723464, -19.524813427341545]
[4.919381601840385, -11.859985429806557, -19.076681218825883]
[2.222885464808144, -4.003906757424763, -18.550653853732676]
[3.707472055928608, -5.75094023452749, -16.400623970451687]
[5.227666013452338, -8.98307233166712, -15.099303257309833]
[6.617700330749148, -5.603358679603024, -16.321872484284818]
[13.1600209920838, -7.065334502806627, -14.1205212156559]
[5.248044909582637, -9.779165834546237, -14.821219173378926]
[12.376764396898603, -10.0613865910289, -12.55132653031795]
[5.051187140378755, -11.595462856047568, -13.18348311360892]
[5.767277049799609, -8.300945787630608, -14.72837004532332]
[8.680558182575588, -4.847813765827765, -13.599738794228061]
[8.433484362711402, -2.3769784173581443, -17.682306118745046]
[5.95179897431923, -2.8630871163910934, -19.70716358663369]
[7.6862004040688, -1.4974331119689892, -19.50788454907022]
[8.679977853812558, -0.722136299237675, -19.27249117196667]
[11.461702988400843, -0.19100214105420926, -19.077191592915007]
[8.96184649822888, -5.065445201489114, -12.971536220197097]
[13.749031435424765, -3.1887731971868174, -9.039934894400892]
[7.317612002155078, 1.7956209446939377, -17.946309584156005]
[12.525551674584406, -4.2559237944245645, -9.859052949854725]
[6.332803434831813, 4.453011070540132, -36.785662653297024]
[10.080134217250368, 1.1655199177585942, -25.741249863398124]
[11.450676642289961, 0.3782334950120917, -31.667382129523848]
[8.34254995463037, -0.5015883558573608, -30.6812651949404]
[14.522813688784769, -0.7561571960778054, -21.242407340469896]
[7.225471992675216, -3.683262753917827, -25.23096152843844]
[6.129643909282016, -2.2381397832575067, -20.061764269021317]
[6.548408114039438, 0.3361589878926443, -19.955489564739175]
[-1.135433556756409, 4.867036465716158, -19.667078463695056]
[5.841893994171439, 4.411313182352698, -19.243313390977377]
[-2.1454125736646232, 8.496252765717756, -18.623765020376993]
[3.242298082122404, 1.16359294442628, -21.409981114073332]
[1.8945998762535468, 11.869252424688238, -17.387579932925803]
[3.2915623627664448, 2.375844596378916, -20.170470731405388]
[3.173458930140927, 13.631197882208578, -16.813176856605313]
[7.086168187997769, 11.118482502936521, -16.720056525462073]
[7.620088177777085, 8.501495246590816, -15.785041461999066]
[3.819690890299009, 8.404487673456018, -14.754687947858423]
[-0.9718946468766019, 6.492859582510342, -13.437840524557998]
[-3.434072874735574, 7.139733139177624, -13.649627267904282]
[-2.6751225350552725, 10.112447184660896, -16.498309637555987]
[-2.310317597456834, 6.644409161172013, -15.9486015044044]
[-2.3383487314698788, 4.389820205735436, -20.79330211324126]
[-2.6026924303932875, 14.87777732404847, -16.076262191135]
[-1.25171046219813, 6.271541748770124, -20.698519597151574]
[-1.7849260779512655, 13.010736214819193, -5.924715693476448]
[-2.4055725602718896, 9.79703419869637, -15.314252455490887]
[-6.470141908284004, 3.528812032938994, -5.719624119826002]
[-6.8589456283296855, 8.69508855312101, -14.021554413867742]
[-8.663650475171494, 1.4611154629424563, -14.347241337593367]
[-7.67476881031925, 1.923893811149318, -16.114821830005287]
[-5.132221972830211, 3.0378254524192405, -17.803692771082844]
[-4.497728572750165, 2.032932636030648, -19.876929101627383]
[-6.375748925864129, 2.095364404728835, -19.487473569429014]
[-7.938275450768808, 1.3279811911514054, -23.329717270068258]
[-8.266498685207731, 11.292302131834898, -23.06133224189045]
[-11.258797766094041, 6.266610674793938, -24.251531804794567]
[-9.716950964933996, 11.68483390585046, -23.46428614798048]
[-12.375455067602488, 8.551452907348228, -20.995677965084916]
[-14.648161104469395, 13.86765161314174, -17.364982130466018]
[-13.385979670283692, 10.566629973902208, -15.634066254272557]
[-14.179209674883003, 11.132126656162548, -18.88675916592154]
[-11.68855274077306, 1.3479593449172924, -18.316555248349133]
[-10.800959717504476, 7.221509502156961, -14.961773091782806]
[-8.54387111458345, -1.4784453172101197, -19.579400832205085]
[-5.8344349837187695, 1.6127990104078505, -16.428841545791002]
[-3.0141589395625292, -0.03633767869930977, -15.303591645185932]
[-3.8421750577921987, -5.509728331106847, -12.522730813306838]
[-6.53412013794409, 0.6218473552717605, -11.337481818584038]
[-6.0860682617578075, -8.878804022310195, -10.54022243549905]
[-8.73496506696018, -0.8400988424165887, -6.400051855497356]
[-7.983164507704939, -1.4859707421239035, -7.7065336792620025]
[-5.538499356509516, -5.422935745907051, -8.741791532554231]
[-4.012709199209527, -5.38393017777667, -7.888954406829942]
[-4.23877470925194, -8.319163284377758, -8.245652866953458]
[-6.221701737330001, -11.26695413670252, -9.854798546813248]
[-5.984884401322449, -9.888758626430555, -7.93327077888898]
[-5.332824555859462, -15.833486662842283, -7.5647001026730205]
[-6.303222479905263, -6.6065159140198695, -4.626071127150035]
[-1.2934282896350573, -14.927862573674917, -7.370601592374369]
[-4.333140038182946, -3.92207017701754, -3.896123415136384]
[-3.6953975484841406, -8.838786673323346, -8.836283785772997]
[1.0929966613395883, -3.631494127765511, -4.9384007233587806]
[-0.5469903037479276, -8.51774542780077, -9.603974146598675]
[1.332333032479232, -7.745238967231403, -6.812933712121167]
[9.48229513493822, -8.910881811082891, -8.435565942706713]
[2.2685081693376636, -12.695473033729778, -8.193303565638091]
[10.599420307713064, -8.151040932411075, -7.251955582395176]
[11.393043564798056, -8.987826742752846, -7.0139731891039325]
[5.3752466811289015, -4.612179981056091, -9.033214692987254]
[12.30663280376659, -2.2518300364840167, -4.41296256291124]
[12.318185771284238, -4.331911409084147, -7.834560332532369]
[8.59509663907427, -2.5284017384597326, -7.859775405259894]
[13.177119608517843, -3.472205085973588, -6.09383485338543]
[7.120982399773506, -8.050849476434273, -3.273020297069122]
[3.1485245418243117, 2.0227187827010087, -6.839418649149721]
[5.028317491688469, -7.287023740892925, 0.04963363778827823]
[1.7443827867847406, 6.192472985922401, -7.61624966116905]
[5.09731881338678, 1.3541417471604262, -5.345430470864528]
[8.450639267746363, 9.633181707581159, -9.304083094476326]
[5.358670727698893, 8.366451102947899, -6.831811132384107]
[11.792732096120254, 8.812261691821966, -12.606272267509556]
[7.967022813230943, 11.054848430221034, -10.68601706604738]
[10.099902592062563, 11.064438820867707, -12.208702182679227]
[11.300617333060279, 8.014709048575176, -11.334867299912231]
[10.710251770554132, 5.255674937457876, -8.048256034667649]
[7.093718475296132, 12.146518542717686, -7.651286214944935]
[7.532731604639999, 5.815499706378596, -5.718812038517952]
[4.945577001232012, 9.134358586416615, -6.675979307612838]
[1.209515516610426, 8.115207627869708, -7.266846829862283]
[4.697921963705202, 7.090218557368367, -9.469091420920309]
[0.40218443525918324, 4.273587429616141, -10.7590385301098]
[-0.48890080757433374, 7.398060915687824, -10.659712724263725]
[-0.9400366397842539, 3.680382083750425, -10.364357918782089]
[-2.208831436777443, 6.927556797769404, -9.18313387594638]
[-3.070084812018995, 13.19494660876144, -9.786689548765516]
[-0.9430323595420186, 9.307578372901673, -8.610946452322118]
[-6.534556109431213, 9.07870993784276, -4.860624604608292]
[-2.553363777205928, 0.9734461366924652, -5.324093953436692]
[-8.813639849315571, 3.599613098413213, -6.739268996593722]
[-8.165994147646025, -0.1959092714288937, -5.069105092677035]
[-10.041240647945234, 3.08149932079919, -6.925225634359407]
[-14.655261653035769, 5.742172296595969, -6.006195425227643]
[-10.271315777792838, 1.8492568391167443, -9.468828687710154]
[-15.359892279190253, 3.5305617016749595, -5.565622402501843]
[-6.84077327213204, -3.0244924740067494, -6.944309865649507]
[-8.774267896861039, -2.4897514536063072, -4.341684910683214]
[-5.1599491543104286, -7.231665379551534, -0.5137046915128595]
[-7.159999609707587, -3.291044735393004, 1.2883515240426184]
[-4.299375231385434, -3.1434899100680136, -2.9073768590645472]
[-5.794494343227024, -1.942729451757404, -1.9993539660821626]
[-5.556528565713076, -8.803872550697125, -1.895315239179013]
[-7.912704470604279, -4.101896656145089, -1.8424286990408618]
[-5.496377290250461, -10.820631847319426, 3.5414281215388224]
[-7.061341764088457, -9.274621273781376, -2.0005516844497806]
[-6.001399015634997, -9.39408100866072, 6.5666273251000575]
[-5.602972554432487, -10.253341320327316, 0.03261392994089585]
[-5.619057066828001, -9.419264411935261, 1.472804903799407]
[-5.139021498879035, -6.3562262243564245, -1.0378454215949686]
[0.030896536338721248, -7.446652122460906, -2.320610077897397]
[-1.691742049660434, -3.1480290951898766, -0.6386483373606837]
[4.470366756855662, -10.703465160427914, -0.7426842134809788]
[1.8887408282564229, -8.262131136246925, -1.4420949224688244]
[10.389008626684301, -8.58173700793553, 3.2515352078811293]
[6.799333705953599, -15.809856797459563, -1.5983493120623429]
[9.407960038277182, -1.0987906634837796, 2.0761042138659707]
[6.473244200034381, -10.578373943169822, -1.7647207879616302]
[5.2902704371472975, -2.8180181036860947, -1.7760629160493566]
[9.251077540352242, -2.051838595165984, -1.795300416017366]
[10.774291215665698, -4.864443797921014, -0.18574378015582005]
[8.95262149889246, -3.0442849380542762, 2.4112424714261618]
[10.772351351792114, -6.10128261707788, 6.326729312300581]
[11.059168677899908, -2.6757352366030336, 3.895138890819324]
[5.137818442967723, -8.769060298272198, 5.794617377551621]
[7.878582034990405, 1.6252346608704595, 0.22372833512149426]
[2.2988634348833368, -4.372979530507045, 4.638326156557394]
[1.3400469536709105, 3.0218692837531544, 0.3732241879127315]
[3.136048212611448, 4.811197688998411, 0.9893133200995644]
[4.991531067062701, 9.008307167894385, -1.2198032547751907]
[4.2268543182648335, 7.720186923175822, 1.5878284147267605]
[1.5045960356646684, 12.114552541183542, 3.9621807687352324]
[0.7022647279729877, 7.421620755487855, 2.117779101743306]
[-1.1895391762498533, 10.12143633002718, 2.945082210346243]
[-1.1614161055642098, 3.7339545008631, -0.4463687020512188]
[-2.1223572792795204, 2.476533301498904, -1.5599333943471119]
[-5.128917163596573, 7.386331698330862, -2.2578443755266457]
[-6.100865539957888, 4.996048861211769, -0.24051592123204799]
[-3.013634927965643, 6.012498245512389, 5.732953250922364]
[-10.07339897271589, 6.743820308937828, 6.882748123904386]
[-4.400149146287014, 4.065607360591981, 8.005729102955879]
[-13.494510149109, 7.4880746559830484, 5.163843083134381]
[-5.801553408546011, 1.8777388925529719, 7.1092312956624975]
[-11.500784543210676, 1.480250222966538, -2.767497108390804]
[-7.966413083846945, 2.7086367410682692, 6.715115098758178]
[-6.063568043881126, -9.191309385181121, -1.093110503828589]
[-8.141473297266824, -4.7216158895659674, 3.399257223954792]
[-4.939392013531133, -9.388809728486448, 3.0735206019319894]
[-5.450931868691491, -7.404277671104559, 5.338339241798817]
[-7.822530470051829, -2.601260774675636, 7.3949674247143955]
[-6.630376796785175, -4.006194030990993, 2.4435489821947773]
[-7.551761444297416, -3.841435210012632, 7.73456682557676]
[-4.096235899025331, -5.65495694426922, 4.393763764068422]
[-6.4716330042777575, -5.540209184866375, 9.226839857537259]
[-4.470119916745859, -7.403741980698478, 5.428095046115775]
[-4.063428585802704, -5.91388403247927, 4.953953798889569]
[-2.9468552597573012, -7.233966672965037, 9.45590323597227]
[-0.6077983217495558, -7.817716752441139, 7.653723780020302]
[-0.9332961510171311, -3.5225884611231475, 4.119109935756358]
[3.6855159960802775, -4.632602056546271, 2.8764093981962024]
[2.3721147040532404, -3.4157620743538337, 2.6579432550445743]
[-0.38246126545786324, -7.086819602439525, 3.1268218642425785]
[3.4756610527123124, -11.759583273352856, 3.896748364044382]
[5.745804320887471, -14.862143094775528, 4.5159186689132955]
[0.1606228571435423, -7.316516343677558, 4.28272353728107]
[8.203561441349033, -11.546324588448037, 5.548493087136103]
[1.9928897836811523, -1.2663785545394162, 5.615351420099383]
[8.183838973903395, -3.3555403628548643, 7.003244169669122]
[7.131565022696109, 4.270252700535554, 5.9150006239574875]
[9.318333497254965, 1.3006882655287435, 6.559993394790235]
[9.517819308859904, 2.037324859816809, 7.6201187771771455]
[10.055542086991256, 1.567590651752527, 7.489396426929135]
[5.485184136897131, 1.6117782132525997, 9.15085483593136]
[6.907918236834114, 0.45081616988421447, 8.380995968501093]
[4.364916640024291, 1.9509620323327133, 6.858594733876137]
[1.7816061568787127, 4.564769732890524, 9.545042398259005]
[-1.0542630208270343, 3.994966107467795, 8.29412700350996]
[-4.839128474988254, 7.017041266636037, 8.714234557461246]
[-6.294033025609482, 8.402098173774892, 9.88371151616975]
[-5.189728489065397, 8.720046086551216, 6.770825392103974]
[-2.9560019210266315, 9.71520400055271, 6.666902261028913]
[0.46626776577323203, 7.627477062860155, 4.977270280988317]
[2.4876415916097763, 11.501477949250893, 3.8185191210565197]
[-3.052036416900057, 8.47232482445663, 8.217259352257685]
[-3.4844997931013784, 5.323223539043469, 6.340995647193546]
[-8.700691523402615, 2.4384773174590197, 9.415091718850068]
[-8.80966862139534, -0.5662170647443268, 6.214183854241287]
[-5.1282349260867495, 1.4446030945171866, 7.509198643128762]
[-8.598286440016448, -0.7819996205564897, 9.610801106358434]
[0.22860921814328927, -3.5347028464555024, 12.634302394544703]
[-6.061652824597532, -7.283705398167086, 9.345936216529813]
[1.1201654746475784, -9.47061487187003, 10.68533642778958]
[-5.994158799935556, -10.422498123252794, 12.062241137837932]
[-1.0881715545083979, -7.852298448029465, 8.137822873850695]
[-6.404919664307352, -9.233639075121584, 12.186145806582939]
[-0.8764894239925111, -9.181090364441587, 7.227278200961537]
[0.10281190795852474, -4.036495113632445, 10.673083277655353]
[2.028694501457525, -2.1692861140527078, 12.988541395515153]
[2.788919770603358, -1.980557703175362, 11.350314090268963]
[3.034568088392971, 1.0044673450071955, 13.749281938951997]
[5.124820909503449, 1.7730990513085123, 17.760061601277453]
[3.477450335888414, 4.907208319648871, 16.888781736484734]
[0.39036289652775547, 6.163616027606867, 13.867098305417421]
[0.12581902136903778, 4.396589614331324, 14.86037144704949]
[-1.9218930662397877, 3.7415348953367458, 13.824558427200136]
[-3.4832621631283276, 4.549328973675017, 16.53864749882064]
[-1.3600769610124823, 5.5696501255201625, 18.678603528763393]
[-4.637285131470556, 4.149984297125407, 16.000701666892382]
[-4.384270210973007, 4.872043707238685, 18.08283458427491]
[-1.1710966784925672, 3.5958139304741072, 20.02765551499095]
[-7.456901843105896, 5.957486450847737, 21.867954320598606]
[-2.425109961090965, 8.268943893855909, 21.670001101000956]
[-7.594336133857597, 4.596609875716296, 18.30659206385183]
[-10.872191034161974, 6.127591880313341, 18.778291626356705]
[-8.040525051311274, -3.2143503038634096, 13.050897363817107]
[-8.965956228875909, -5.509893919084119, 15.778728580075313]
[-4.407371231486998, -3.8455302330737062, 14.139659131318261]
[-5.723685786552476, -5.687503031620222, 14.97943572015836]
[1.7746827658881015, -6.463672358014435, 17.906081937665846]
[-1.8586616323409682, -6.808855633190587, 15.797509154232795]
[3.322677076936017, -6.088235436214437, 15.77580599946713]
[3.7891417411270303, -5.465856318769575, 13.887873624524172]
[4.0793116306446295, -6.519276278245938, 13.715024818295397]
[3.015103974960698, -4.302056872423008, 16.21359102119252]
[5.674319218556588, -1.2311890639360856, 15.683960365616427]
[2.5732675719648257, 5.554767783914168, 16.336625789952627]
[3.7420060526805328, 1.9554698310009537, 21.701045567531935]
[5.2258931070771775, 9.376901692597658, 22.680915075410468]
[1.3508216092248604, -2.0960769771067898, 18.51006600417005]
[3.7256348288605574, 3.995782926729429, 28.081712517616268]
[2.734086201374262, -2.5267822648199143, 20.527445112889016]
[-3.9556761106762073, -1.5357316371823413, 24.91493533890204]
[2.2357178372495508, 0.822632561337123, 25.386905690220505]
[1.5872137472972208, -2.371678981122131, 21.93880430069075]
[-3.2461023772070545, -3.3823303714238455, 23.74448818723667]
[0.16687323992093805, -10.611879091901487, 15.742579963321635]
[-7.870834395194448, -6.673992704724975, 20.437204123949066]
[-5.228222798312964, -13.808378388574948, 13.775414565028541]
[-3.2327129915811237, -6.486406181198533, 17.904293225691667]
[-0.09887402400783585, -6.296549059427525, 20.158259637643795]
[-5.186220051663886, -8.510449293420088, 14.909675144924062]
[4.126015499443217, -4.449487935412693, 21.158214275306758]
[-4.35068489488782, 0.03404739881546659, 17.866543928941308]
[6.15401789343269, -2.2812193679271235, 22.065004520443207]
[-0.8990082175075211, 5.823255588746255, 25.207120372107866]
[1.232280280267946, -5.984792220921479, 25.637211421604906]
[1.1865769644244124, 2.385976429154148, 29.143361042382484]
[-4.665809029693731, -3.9483985436343207, 29.57267758182533]
[1.4384070396074558, -0.5952039803641821, 32.024762156671045]
[-5.1990988699437, -3.799419484502512, 28.538787253361715]
[-1.3433948503742215, -3.9807349082010512, 29.728846582792915]
[-2.504386542862322, -5.665298737693895, 26.613001305640083]
[-3.4380155799109526, -6.322104919336426, 24.72375225770435]
[-1.3292960345550995, -7.779543912742087, 22.60245006765916]
[1.1364042920514466, -7.125102346569532, 22.97845319234549]
[-0.1048190142493286, -7.1983848981053145, 23.949686361277017]
[3.592834177756121, -9.761908801417073, 26.262449008723735]
[5.375792882253516, -9.520731119535997, 26.78314955374234]
[2.2857948447902876, -5.856862791588954, 29.80903722439703]
[6.662378663066308, -12.146388065269083, 31.833697671963954]
[-2.5168769535234174, 1.7665883866199281, 30.532704488198988]
[-3.7896705539840196, -7.649390848543234, 31.07709021270953]
[-4.733245124001117, 1.337410189207545, 25.807801184518624]
[-8.507799962764299, 0.008958629092118198, 25.887473998200754]
[-7.631808592190189, 0.1667016136582829, 20.335662687720095]
[-4.117450545456933, 1.7854238057610017, 21.15710581499488]
[-9.855022026679782, -0.8078953047251227, 19.646520967105946]
[-7.891137257208258, -1.4681189923323172, 19.61954269978939]
[-5.103920497443541, -6.355662296477702, 21.36724191151533]
[-7.896893752337835, -5.065532153041809, 21.563671993426787]
[-2.7793355388596535, -8.858808596943437, 23.457360590507115]
[-6.049379301771244, 0.8799276917347307, 26.55360597693742]
[-3.316312828107813, -7.052652500897853, 25.855491679104478]
[-3.5295078397639936, -0.7583193261133805, 24.908712164983896]
[-1.9662002801153164, -8.66447519558219, 21.972131272588296]
[2.2077840084802562, -8.670317938428115, 22.555496244010804]
[6.992196695571856, -6.881403605532893, 18.49743360443452]
[3.9981820520055913, -8.827133754691639, 17.607535185150997]
[9.651963101700941, -9.275090659373912, 10.463190492251135]
[11.882696827340274, -7.023487975536067, 10.459145777510248]
[6.839741386517483, -12.75597255717834, 8.58213005744242]
[-0.6444040165213147, -5.491442312638339, 5.762242927980336]
[-4.717503210053724, -12.487643371962234, 6.433106011043613]
[-9.341988073807503, -2.950265972935565, 7.460735735300111]
[-12.019200005854742, -4.5256841643478385, 6.433125531068148]
[-12.80660764590734, -2.564538723591823, 6.705153377423664]
[-13.18725827512942, -1.794524294049687, 8.274493253119054]
[-10.389011162305259, 1.1127649793093055, 8.5595958316317]
[-9.780772133566792, 1.3637790480254925, 7.323541811178052]
[-8.243386658971778, 4.6804804109882685, 7.588841496183793]
[-10.602588670455098, 4.156886751124043, 4.028605075289621]
