[-4.163715826232466, 10.454027102511915, -26.146192954816385]
[1.2313126874822737, 2.78588463375427, -27.748819051119447]
[-6.677759747058429, 12.314089638598812, -28.846879427197727]
[-6.660285725101639, 11.780594634829942, -38.81678872486977]
[-6.240006112195909, 13.495861880991766, -37.023852000464075]
[-5.01090126452579, 15.917634272857027, -39.66438752065051]
[-10.746830272329639, 17.20180912993675, -30.331092231374363]
[-8.22546247855769, 13.329954005555518, -37.14240562717845]
[-8.995617007953266, 14.94947231654705, -36.109837499364176]
[-0.4239963899652358, 6.187027272450916, -36.91395296528468]
[-9.70695393703488, 10.23019012724273, -36.99790411269785]
[-6.762341689271004, 2.689925419516501, -37.29233716455602]
[-6.841873396390704, 6.263524521069004, -33.33135352516745]
[-11.808736478602192, -2.664371747390892, -32.277364540641805]
[-5.079273694439367, -2.6972314819210825, -28.63208819662404]
[-13.867358780248827, 0.6520001889813024, -37.842751955185264]
[-4.5907345067431535, 1.6194149936866271, -38.746251876456434]
[-13.1559359856736, 4.568194187476931, -39.04701591537697]
[-14.256901620677036, 1.5621211532075667, -37.65270675023165]
[-15.77557262053541, 2.0656479421326672, -28.701723064999562]
[-11.138185586985067, 4.5719772051209535, -37.90335201804644]
[-11.840836940792169, 1.8111559010373242, -33.930405446982995]
[-15.406768245251527, 0.9761115997436386, -28.379006545379745]
[-7.940745798970139, 4.5033868070773355, -38.36027984542251]
[-8.525208553367946, 10.603658405910238, -35.250495280058445]
[-4.588120341594849, 0.47631867096712355, -32.52384705329362]
[-4.101902107493264, 3.038243034563106, -33.68839097230146]
[-1.1001468499296472, -3.6834485473317216, -23.447898291278378]
[-2.684930877499257, -0.7488112509365448, -33.67245399123679]
[-10.760795289330224, -2.364339836249279, -34.14243034794118]
[-7.91745276451661, 0.8197972356723167, -36.887693336653896]
[-14.146157695862666, -3.3849284407942513, -32.50274757327366]
[-8.847069296374285, -4.554193924544613, -33.33816741689478]
[-17.057948395129294, -8.034581132901726, -23.466760668002685]
[-16.534407590016638, -4.16935759378615, -27.834664314664337]
[-9.956808868682472, -6.346902777103218, -18.71573117155166]
[-12.71409922574393, -1.994152983895296, -32.48612300550697]
[-10.682780523289615, -4.62851178422582, -24.104497053802024]
[-4.242855482949246, -3.252416628192889, -28.80911512698963]
[-7.42441882393424, -3.0022869894482094, -32.35642059045904]
[3.4598891247610246, -8.112931720223724, -25.022430181339708]
[-0.9058221258384048, -0.7520938164474471, -32.863409620293055]
[-0.09846376028929682, -5.84346311950026, -35.61321785694958]
[0.04634311574908434, -10.396319592057617, -32.91107271207203]
[-2.542124350294269, -10.721257329843738, -30.42947796005808]
[-4.738165132738578, -13.609064546792878, -36.63157517825002]
[5.713202283293686, -22.010328820268604, -25.02088211407544]
[11.958783576121151, -11.162725424510766, -20.138258449234296]
[1.3391335509943103, -19.833192553367887, -13.862300393396911]
[3.210280897607314, -13.848965692044583, -29.651229837054743]
[3.958885265497212, -12.998966692602197, -29.359249479564298]
[0.9077052714157402, -8.05347571540046, -31.4267621091524]
[3.347920502090131, -9.873301515032637, -39.195922620541346]
[5.598774532815587, -9.299739469274893, -34.07328596609719]
[4.020972132143576, -9.398151576432458, -34.94675791165076]
[13.100246467040563, -8.677443909243737, -36.61564927804674]
[4.001864226299175, -17.97355602919481, -30.912353859250707]
[8.210811019407716, -19.325947179714618, -31.270836413531953]
[16.721784122755643, -13.986510118507638, -33.87715282783276]
[5.794140971965873, -17.86232429342327, -29.748085464209105]
[6.088475177597301, -12.274125914550458, -31.58522988714462]
[7.872147568839969, -9.537749706528116, -36.815477806046985]
[15.752040952639168, -6.186537161665338, -28.516026081485542]
[5.92523056682204, 0.4633720519835658, -39.47041868919094]
[9.425494671172803, 2.375764389427829, -36.41761548164639]
[6.387456216727924, -3.770113552016487, -35.44319927223097]
[7.363338332065784, 1.4250528960002493, -39.37214905131909]
[11.827142216224026, -0.9678237760497235, -36.33079409082783]
[17.17484320122265, -2.3664806532424456, -37.05672771472691]
[16.69858960280978, 2.4597344816650084, -27.456228196828732]
[14.753470950708982, 1.9173436979730374, -34.35050840737529]
[14.70245272251838, -0.8890794024701851, -32.416053912662406]
[12.843637150359699, 4.3425703156653945, -34.54611249875882]
[8.899163250229646, 2.562641135520508, -33.534062561467515]
[11.317896477676314, 4.0165430278037375, -34.475906343347226]
[1.769586322231711, 3.0858105607534365, -39.73010023709648]
[7.568933894997528, 4.173270911323916, -39.8242839823386]
[2.1437713763315034, 2.8595061859438853, -32.38047251845361]
[3.244536913371025, 7.495414678209847, -37.13468545257213]
[4.942179783967991, 5.365241259809255, -31.309122145815422]
[5.566852345619299, 7.234139624348149, -38.84884373554314]
[8.51133701676115, 5.22806372019171, -39.07950621064435]
[8.649746090076642, 17.38437491848625, -35.28149247216416]
[12.763356077029492, 9.276206475266981, -36.6016220728238]
[11.417185815338751, 18.22712988377416, -33.63845431017762]
[14.139310324884427, 15.343683790727523, -34.66708053651221]
[10.157884729538925, 15.51725842333318, -27.989554952893904]
[0.7306555428469163, 14.934501302562317, -24.685010860392183]
[5.119228687081709, 7.73368771322523, -38.338856870252066]
[2.7146506176743292, 13.124624717108595, -30.128674779354853]
[4.165872701445917, 3.7206759005699213, -25.915619143960555]
[-1.9010724949630808, 12.412450183546435, -36.85741166691179]
[-3.5184698060301525, 15.963724999660021, -24.04325186348617]
[-0.33546203484582715, 14.12538594749423, -33.90496637702303]
[2.0806079846741814, 2.6459676596569244, -39.731307314340434]
[-4.129781072429893, 13.747737643293863, -35.47363195382748]
[4.815398033216118, 10.917193253016084, -33.64031602657483]
[4.133836792649531, 11.010291349704026, -26.772827146499864]
[-6.6696703117989875, 12.975943034074396, -31.844298728831276]
[7.185679219437052, 8.497959395413734, -30.9892517726664]
[-4.647644129084042, 12.116751925717058, -23.246685368844823]
[-0.4905312986780853, 9.538577135186305, -22.7769364777508]
[0.1686407230713306, 3.944030005151748, -27.668676042333573]
[-3.436372509527284, 4.430707169574228, -30.44655275457945]
[-2.230636203751993, 1.4316827267015013, -29.055135088581764]
[-4.296686530579245, 6.8226179461831045, -28.443001347770696]
[-7.802837548841656, 9.257446936943749, -34.63686844045108]
[-10.425350594142426, 12.974024104244535, -32.63314779973177]
[-11.980129391025557, 3.8674249321368737, -32.443412878289394]
[-6.473732595862044, 19.66755119505732, -31.13985936118179]
[-13.110945012398364, 12.763938690073708, -25.52423851477927]
[-12.291698359075356, 5.86651415409054, -22.859440464009523]
[-9.65907526396328, 19.380068637618265, -27.973692669517945]
[-10.531651822255562, 3.961990577341832, -26.867632066059215]
[-17.934605843245976, 8.502044111484794, -24.47135615292471]
[-10.534449493198744, 2.6102708706943583, -31.43799657089616]
[-10.206832330821426, -2.249584695067168, -25.409917662569327]
[-9.625169860382831, 1.927315365725685, -29.130819877507776]
[-3.708619194289062, 1.7765470741393412, -18.033693768745643]
[-11.281118989026089, 0.9689463237093341, -22.862259657441857]
[-13.182960636181116, 2.6134141564747155, -31.60517702924036]
[-17.707870113708378, -0.28528163694312947, -22.89051216769545]
[-18.371322419974266, 0.9536114008032601, -19.090383894039395]
[-16.07019027657292, 1.8280724758027365, -17.74147593068218]
[-10.531345049043395, -0.1512307399278623, -14.75095312279307]
[-7.14282559195801, 1.3732419978869155, -16.245574908716645]
[-10.705017222904477, -6.410777796751285, -14.412228868289198]
[-5.681934478455787, 2.0558471401501155, -15.37822878478556]
[-2.117342022623732, -2.9411401267976602, -12.011041443708951]
[-2.9837125636640875, -6.718180554853289, -21.566023866712424]
[-2.755257716736365, -4.48700571359725, -16.42697298808165]
[-2.682491613169142, -7.105293375607774, -21.666856981220512]
[-6.487754604925327, -6.84447872746551, -19.555541499984308]
[-7.594473432691003, -6.628109489854511, -15.981616847634463]
[-6.285060957353229, -6.439771394834726, -2.297069222395516]
[-13.076347315634658, -8.491122884462133, -13.253303932493772]
[-11.964318509325693, -1.6349408411124275, -21.720172941490215]
[-3.51216532234785, -8.163989615678094, -10.407363328309735]
[-0.5665023079421866, -5.429475798924792, -21.646724978241846]
[0.6786914630207452, -9.570889350869937, -22.224228333283747]
[0.4876060975476256, -13.863903064666568, -19.019233312963397]
[-3.471913585494139, -3.328028157768329, -23.620508487217222]
[-5.391115207622677, -14.180210213577222, -20.94056182660303]
[-5.9989421680296315, -13.39112670941515, -15.718041685741689]
[-10.981430181902079, -17.220295926173193, -14.888445591712294]
[-5.829639809144744, -14.725101893756344, -9.564379131617219]
[11.65814306228169, -7.92313556258822, -7.3293138845314605]
[-10.290674284010404, -20.69090852484107, -8.374516962925682]
[4.7534912986884725, -5.954892208052905, -19.062586005322604]
[-11.527898816475469, -8.024771962357516, -10.566633492943104]
[4.771419574496415, -3.061605163643719, -18.670518520714527]
[5.510352316042037, -4.3667554598769165, -13.309059720660962]
[5.42859536118639, -5.189945778216093, -15.764481990390113]
[5.928944571096977, -5.694085357266833, -22.348112414786048]
[11.116661749281125, -10.028013410933173, -19.11951248378649]
[6.406353454420254, -19.665735262857567, -26.114410758810962]
[10.463412897853742, -19.621062508647547, -17.47078893296378]
[-3.110816369295739, -7.115685303630912, -0.41341871703672783]
[0.2999346371509699, -8.171776346098886, 1.3334551953608713]
[5.677926239220055, -6.15552458151625, -11.65719963071119]
[8.60982116484627, -8.170983575904327, -15.572657257998952]
[5.262372171098846, -1.3376263608497916, -13.588081311311143]
[8.557320379017856, -12.474967063590602, -19.669769095405798]
[5.014589786246577, 0.09910579332503855, -18.25837451139052]
[7.214265514064683, -6.676344301917681, -23.71629834703616]
[6.899354262375038, -6.5765158667805474, -22.948039113345096]
[5.939910626966975, -9.889102096245322, -29.33819000236354]
[12.045245306092987, -0.2811110874465905, -28.719720507661826]
[9.928224626159713, -7.459690050341235, -31.978588078810475]
[8.151074029699487, -13.570726683138288, -32.768224929681]
[16.633298675656125, -13.39392723679113, -25.836899877112536]
[22.493396367919747, -6.422694947784681, -26.339872379239623]
[10.560448774682826, 2.8111908627278215, -12.391297436451243]
[11.124474054790678, -13.486833145128104, -24.127590870594293]
[3.4317647133127056, -8.112850277049883, -9.787432184279517]
[13.266142579097371, -8.500907310884196, -29.24825846644832]
[7.816618880109785, -1.3272364267148764, -25.057479024851652]
[9.802444639896532, -14.831340738363771, -29.480467018837324]
[4.450674487107139, 0.23407421298143394, -21.26555769632047]
[5.592937760044207, 0.25630132596816346, -22.776666864178242]
[6.4956431494386555, 9.214288119961243, -33.87455679824348]
[9.616430475126469, 5.80642456437179, -23.143452674693577]
[9.02658548510319, 5.874832254993936, -32.96731492095728]
[13.651160406165394, 8.370198828061302, -34.63624353730456]
[18.782924113396934, -2.4266681347069117, -22.51559229629365]
[15.48190566056861, 4.437133966232571, -23.162523479344316]
[11.333497972622958, 1.5582147791186898, -21.255587720141055]
[10.26380556126938, 6.255624558947891, -27.955557246722336]
[7.271034355316371, 6.490311242446064, -20.147429832957048]
[5.6691606061025865, 4.987989319986981, -20.257711958547862]
[1.114871003130857, 0.22082207116270736, -16.093935708678046]
[1.7694864428018144, 7.396207431931821, -18.964985290985318]
[3.3746947941103733, 5.1126629045127485, -18.937996784979735]
[0.6609955475964133, 9.848331889465525, -20.091436179434098]
[4.255909002231289, 4.347576412498562, -29.294674362814483]
[0.6806762071659427, 13.4352242481197, -19.271540556023297]
[3.1346251124811357, 14.231687756761405, -10.666783892236477]
[3.6093179729807816, 21.402791343281265, -13.563624783570845]
[-2.1311484067404165, 22.309661660073445, -6.575174428505589]
[11.686845431631186, 8.407140593220255, -20.958640962508873]
[-4.418352134394441, 7.757466508949118, -13.626524511491564]
[-3.012801512760994, 7.148097956215589, -19.633186265635644]
[-5.909111822035544, 3.6002445352181245, -19.627455596549222]
[-7.640992030377389, 13.080551393219912, -22.58799956255565]
[-9.0258447956999, 5.684228186244925, -25.655021726770137]
[-9.387845533409104, 6.946963563422006, -20.140088325571202]
[-1.3338409664037627, -0.11397314749608434, -19.867268735265235]
[-9.552246054782325, 6.0879187859900705, -18.567220054120256]
[-6.563269070328008, 8.162420257029407, -13.845087245665038]
[-4.3953399927089, 1.1928215752736486, -14.260330454450756]
[-1.3654426047370896, 6.37973713123816, -14.368846569277785]
[-5.66309103069031, -6.368082729935023, -7.431836168318927]
[-1.665328736673103, -0.7784782763575495, -12.498383650846854]
[-4.181485675432921, 0.9944493750798231, -12.05439793873306]
[-1.8167632570304812, -7.934208813564204, -17.64733950849193]
[-13.840779516789267, -1.6914348489655895, -13.287195690241418]
[-8.09142212247848, -0.36607019917806594, -12.891828279826672]
[-12.577572753978394, -6.360596620036232, -5.798082237431268]
[-13.142259374793692, -7.383770609015436, -9.478359943719035]
[-15.181226634791823, -1.7373852282610218, -9.806032282888648]
[-9.677850529905767, -5.931375342291244, -6.41889968401053]
[0.33442529112340585, -14.22839335194246, -7.36288416170483]
[0.919387577539928, 4.261510747245511, -15.684876912282796]
[-1.0397281480515423, -6.021126369128244, -7.343606254374105]
[5.841765400827753, -3.8447723143963843, -8.631302431758067]
[-1.029391062810486, -6.22504177390908, -8.908880853797758]
[-2.228258119350797, -16.944599778699512, -13.111141908915545]
[2.5553675283742305, -3.0083606439776416, -14.748009416536739]
[6.804648929915867, -14.860388725537431, -11.369350995276573]
[5.390904158958742, -11.463827070497185, -11.871763475837039]
[1.5622783089962275, -1.2270921987345758, -13.721091614620814]
[6.095817915339123, -10.19658162594101, -12.322414717029027]
[4.5314514912371555, -4.72115915294003, -9.421031848058835]
[6.051645448760885, -7.95329125007966, -8.119711134916981]
[7.441679766057695, -4.5735775980155635, -9.342280361891966]
[6.725590619551719, -8.29656443703693, -8.316623974765474]
[20.526321088727, -7.49752924442277, -4.9395778246341315]
[5.41845807023065, -9.202205068880625, -7.366630127206676]
[5.875166575687302, -10.565681774460108, -6.203890991216069]
[9.75161143774832, -6.288868032709925, -2.537579347318225]
[7.307346394529009, -3.9766476376261872, -9.29366485464487]
[9.25746379801995, -1.3471973357706841, -10.702713996352195]
[6.775778409627777, -1.8333060348036332, -12.727571464240839]
[8.510179839377347, -0.467652030381529, -12.528292426677368]
[9.503957289121105, 0.3076447823497852, -12.292899049573819]
[10.256760469404293, -5.026710852487177, -14.782197557529457]
[15.067407558297676, 1.3699130987167165, -11.902299891470488]
[9.314891397670564, -3.044617387316131, 2.7983093619209676]
[14.078614183168948, -5.687897329915431, 7.7816143474544095]
[6.968291477256687, 8.695421439878928, -24.731744285447277]
[12.620448036616962, -0.7643880957587763, -13.540536002378154]
[7.345274263024034, 2.2701628643762573, -34.88039677636107]
[9.18777926850087, 5.154990094450885, -23.982779479632388]
[17.204037892172984, 0.5458662888228465, -14.495183237900925]
[9.145279511376964, -4.098604642990686, -23.420566665462708]
[13.489548356013648, 0.0013814821964630575, -14.030447198253164]
[6.953623344590563, -1.2083587016700466, -13.082172146628466]
[7.372387549347985, 1.3659400694801045, -12.975897442346323]
[6.125136468777161, 5.07586903082609, -12.395038336892533]
[-7.9952957922437085, 10.427695025127132, -12.399075240258089]
[7.206610390182811, 5.806319497054226, -12.132404200276515]
[5.352429515531556, 8.624372669483302, -10.889270555710198]
[0.9259446446790911, -1.4195714450267451, -16.728373783084447]
[0.08472910759263164, 17.173694343068092, -9.926705065355701]
[7.305138951470893, 8.230822800959498, -9.653383434940626]
[7.910147623306316, 12.148263584523981, -9.740464403069222]
[8.444067613085632, 9.531276328178276, -8.805449339606215]
[4.643670325607556, 9.434268755043478, -7.775095825465572]
[-0.14791521156805476, 7.5226406640978025, -6.458248402165147]
[-2.610093439427027, 8.169514220765084, -6.670035145511431]
[-1.8511430997467255, 11.142228266248356, -9.518717515163136]
[-1.4863381621482872, 7.674190242759473, -8.969009382011548]
[-2.1912515087107782, 12.941974708846924, -11.79872287792783]
[-1.5424004301743763, 3.1650123318863184, -18.658410599685272]
[-1.3661744814587031, 18.873142102424936, -6.394617259556465]
[0.6869383763952102, 11.43763332882885, -8.779444349832174]
[-0.5557188038267334, 9.20789249038837, 8.504370117389273]
[-3.850124626321895, 10.215997231738811, -7.889876316363898]
[-10.736606142124181, -0.09070626133546078, -5.984434112255574]
[-8.21980775972038, 9.233742037678129, -6.194048266585883]
[-4.942735937601711, 5.072499350395294, -8.750864318145457]
[-5.481770990301025, -3.326392252204572, -12.07641114863899]
[-3.673749137441618, 3.062713717618108, -12.897336979234531]
[-5.551769490555582, 3.125145486316295, -12.507881447036162]
[-8.65057107284141, 8.796170440904563, -13.210178030512004]
[-8.676822540364938, 1.5903790591614362, -20.192368848314647]
[-6.234467426956957, 15.847995985940155, -18.953302208483194]
[-12.192814121206046, 13.002404453601361, -14.351510516488784]
[-11.55147563229394, 9.581233988935688, -14.016085842692064]
[-13.824181669160847, 14.8974326947292, -10.385390008073166]
[-14.805501328292637, 12.58675300984616, -14.640144223418439]
[-11.299818800789444, 8.295389416250135, -6.923558255686245]
[-11.904959150856273, 11.737062465653857, -9.174189863638937]
[-10.429327810139581, -3.5399085632406297, -15.750367996226316]
[-8.049001413535581, 4.765518701834985, -6.790172075140973]
[-5.0104555484102224, 2.6425800919953106, -9.44924942339815]
[-2.1901795042539822, 0.9934434028881504, -8.32399952279308]
[-2.757495214364211, 2.4677027348402554, -10.601801483042518]
[-3.846211740713321, -9.953337901926924, -2.762277859034892]
[-8.662786190906873, 0.8355541388781863, 1.886022090660143]
[-6.677965912185201, -5.744707979518547, -4.358982767177503]
[-7.159185072396392, -0.4561896605364433, -0.7269415568691509]
[-2.9626642538585677, -1.4189159895881223, -0.5526638243135746]
[-2.269854770005546, -8.330119668102737, -2.797457263453607]
[-3.414795273943393, -7.289382202790298, -1.2660607445606065]
[-5.397722302021454, -10.23717305511506, -2.875206424420396]
[-10.790177919734292, -10.646267909388898, -2.306797667340371]
[-4.92408763000635, -7.480782034571128, 0.967849111428138]
[1.7724876786324628, -18.961143253120746, 1.1365817067800332]
[-6.034398459187082, -3.6726876302936917, 3.7391928790574958]
[-2.711385387285483, -8.835019731054166, -1.9186006467430676]
[-0.9839227465617154, -2.1118905605664673, 2.4277445354554397]
[-3.0314508390657036, -6.782991452417607, -1.7947826800172226]
[4.817874939857987, -3.091535531789635, 1.6546382626127025]
[3.5854291021869424, -8.192937240009014, -3.453981368394425]
[-0.5052500042824281, -10.33938023949825, -1.3213214420693333]
[17.02712003830659, -7.569264218981848, 0.5420337277667029]
[6.690225213574849, -12.992003664786385, -1.1061014444211459]
[5.8196794477366325, -6.673255482665379, -1.086760647771353]
[17.743820786638356, -2.924087657544388, 1.0373393109989841]
[6.5787727851382645, -0.4915423162718824, -3.0204844934174524]
[8.51740369151192, 0.4799897477512748, 4.095919807964239]
[19.705557628047305, -6.112718338721491, 1.310548073138416]
[10.320748457253718, -3.4772310614958197, -5.856286373698323]
[8.296640459605477, 1.2278703299492355, 0.4609664648764271]
[5.569175212910389, -10.564905728197806, 13.269430024345782]
[-0.3516325053397592, 4.877129398627702, -0.18061951839016555]
[6.1354186410836435, -1.9495795904131237, 0.7890214960164776]
[5.4883569495263345, 9.56737873639202, -1.0926955591622303]
[5.707177856307011, 6.7174252479088965, 2.4793018070401702]
[13.060880456583485, 11.758546841945218, -3.556286385004718]
[6.6581224697078705, 12.07503912116182, -2.1837398270226807]
[12.17254260627412, 7.9255387048736345, -7.697073905228692]
[10.92388202737111, 12.094219902455167, -5.229110060286375]
[12.124596768368827, 9.044490130162636, -4.355275177519379]
[11.78056709343192, 9.706312859843955, -2.5858839421309003]
[10.943865643356533, 3.526421907928037, 2.2179473529697855]
[4.054828727777439, 16.646286388766335, 1.2424957570267336]
[5.769556436540559, 10.164139668004076, 0.30361281478001345]
[9.817638927459768, 10.936630766708053, -1.1995521893379664]
[-1.7025665327026132, 8.125837750910263, -0.8781222297188762]
[1.2261638705677305, 5.303368511203601, -3.7794464077169483]
[1.1527375925174823, 1.4629884513189064, -4.565989839224946]
[-0.5560066150993036, 11.552315483346968, -3.580794796024799]
[-1.384852001468896, 7.9573378793568645, -2.2035417535535284]
[-2.246105376710448, 14.2247276903489, -2.807097426372664]
[-2.9115679772914738, 11.918870290730524, 1.5931550835891999]
[2.0079995282435052, 6.449991218629368, -0.4556112334858682]
[-8.509585370953857, 8.298111748129914, 2.6447799519799196]
[-5.466768212038267, -2.443536782069517, 3.7666075713981875]
[-7.46973545706019, 0.9606766118714316, -2.1641337003816616]
[-9.217261212636686, 4.11128040238665, 0.05436648803344468]
[-9.197004274926318, -0.3950063158756154, -0.3852064287967796]
[-18.445303222817756, 9.43262635398021, 1.8924269062969712]
[-9.697668410042262, 6.153082157284024, -4.593266701837825]
[-10.626522464945655, -0.31194078745537057, 0.9355125334850465]
[-2.335919263604723, -10.142504942122603, 4.663831215324514]
[-5.274054458159329, -2.6079999565823235, 4.34030188993423]
[-6.33602017439904, -2.261263653805544, 8.26794364643547]
[-3.475395796076887, -2.1137088284805534, 4.072215263328305]
[-3.2663563344054314, -8.060860734383521, 5.54422153564855]
[-6.465634019760067, 0.2878120881406655, 5.888261049293074]
[-6.198741926403626, -7.487322203835808, 4.624332230779128]
[-7.711816050831396, -6.432043237255924, 4.386065797410906]
[-3.146053783480201, -12.094379327628122, 16.41770825708422]
[-4.762908606728425, -10.057637147131908, 5.5720150784752365]
[-7.208785377172698, -4.634220526518396, 10.674730637901598]
[-4.795077631519454, -8.389483330347801, 8.452397026192259]
[-4.315042063570488, -5.326445142768964, 5.941746700797883]
[-0.3945368715394336, -2.0229986485640192, 7.143165328358351]
[6.024794006865024, -7.507296938977927, 3.3762173881930266]
[-1.3409883571643402, -2.213497378640813, 5.538722241705985]
[4.563898377463395, -11.840071218702983, 9.097598429630718]
[6.76642888429428, -12.251202730678116, 5.5362721581420695]
[17.862077746522303, -3.2638406339931585, 11.364656230917243]
[8.480197398230013, -17.308948701066086, 5.226213462518948]
[2.601801200649156, 3.1258214702005196, 6.746736441600402]
[6.1142498724558445, -1.7882370220986346, 5.203529206343495]
[10.07505697566079, -1.022057513578524, 5.184291706375486]
[7.956871081301353, 1.0424938225567877, 5.475347752944594]
[13.121484326287703, -6.647267919088585, 8.403404978098578]
[11.596330787100662, -5.07150153549042, 13.306321434693434]
[7.84193640514823, -4.7405111701896905, 9.665398752294037]
[12.169965439316249, 1.7795932254592728, 8.443140591730918]
[4.08165935140431, -10.738047263179785, 15.883020247594908]
[5.235157501281656, 3.5304382594565666, 5.963500323297774]
[2.1640263889794578, 4.051650365340615, 7.352816310305583]
[3.960027647919995, 5.840978770585871, 7.968905442492416]
[5.815510502371248, 10.038088249481845, 5.759788867617661]
[5.0508337535733805, 8.749968004763282, 8.567420537119613]
[3.8155605204760406, 7.03665107024278, 8.518590237530663]
[-0.39368281162694985, 17.53869924077872, 13.316125245136556]
[-0.7630721939129711, 9.866152603907851, 9.676152210741652]
[-0.3374366702556627, 4.76373558245056, 6.533223420341633]
[-1.2983778439709734, 3.506314383086364, 5.419658728045739]
[-4.304937728288026, 8.416112779918322, 4.721747746866206]
[-5.276886104649341, 6.025829942799229, 6.739076201160803]
[-6.303129879593365, 6.4693992294974985, 10.403861722561796]
[0.8975751193351491, 8.05872871140047, 18.686014545469625]
[-12.195709195221317, 9.077803551553076, 17.32081877003268]
[-8.049914541292083, 2.132048172958412, 11.284627905227836]
[-13.14535223237959, 7.957907923587942, 6.966051641021788]
[-1.9052334051828455, 3.682991775322452, 16.89301893088286]
[-8.208257983424666, -2.9378453144799455, 1.4581383869823075]
[-12.379633891893949, 3.793843869989007, 10.496395511419196]
[-2.270919233720493, -13.385211292707375, 10.314824850146218]
[-2.255353832022605, -11.177513485946022, 10.26130318127609]
[-5.95990592272468, -3.3328460010906014, 9.791400598503465]
[-6.998551034743282, -1.5714796930881758, 14.374559547107246]
[-5.806397361476628, -2.9764129494035325, 9.423141104587629]
[-1.0350059503499551, -2.5650357754832744, 14.344631885779911]
[-7.64916665650111, -2.6468953074468105, 20.005176791351595]
[-5.509506977083611, -6.685315949880244, 8.402079887142635]
[-3.646140481437312, -6.373960899111018, 12.407687168508627]
[-4.4619327624565, -5.620435511901476, 18.23767481431709]
[-2.8327578195510017, -3.3942450026726014, 11.459404674056215]
[0.21618111355899128, -6.787935670853678, 14.633315902413154]
[-0.10931671570858403, -2.4928073795356873, 11.09870205814921]
[4.5094954313888245, -3.602820974958811, 9.856001520589054]
[3.1960941393617874, -2.3859809927663735, 9.637535377437427]
[0.4415181698506839, -6.057038520852065, 10.106413986635431]
[4.299640488020859, -10.729802191765396, 10.876340486437233]
[0.13963503060217974, -8.106845917354535, 11.418137919229995]
[8.839927024371177, -16.93492183461074, 12.114681096175062]
[1.8295695543019992, -4.466624606825661, 11.106493400117849]
[9.215154728943984, -4.098165179110417, 12.941489322882848]
[3.8041688836774, 3.9934296609217492, 14.083393684866621]
[8.8004820894799, -0.5533533834243916, 15.024183261241099]
[12.106920032331914, 6.6066379033242795, 11.705791807834057]
[11.484143775647125, 5.214292077656799, 12.054987773125074]
[8.576677456004989, -0.4724260205157407, 17.493629991305937]
[10.274899268952485, -0.019548610976824143, 16.8829893255189]
[4.041649688406368, 5.7555446101958605, 14.767263925342487]
[5.188896075332838, 2.980743113920173, 13.838186856268988]
[3.554581868642732, 2.002672029887013, 14.853611571951525]
[0.022275109041681063, 8.208358515035796, 19.211082185034726]
[-4.015149039679707, 8.046822348223497, 15.693826679854098]
[-5.470053590300935, 9.431879255362352, 16.863303638562602]
[-4.36574905375685, 9.749827168138676, 13.750417514496824]
[-0.7311266247547651, 4.783257258056878, 13.115613563312966]
[0.10170408232068129, 11.740142996141662, 13.542571252346704]
[3.3116210269183233, 12.531259030838353, 10.798111243449371]
[0.05257854596211109, 9.149238577013957, 14.68609462292806]
[-7.767734990101343, 6.472952781249826, 19.5955917058517]
[-5.373619261547773, 3.5567706642479013, 11.955080916244736]
[-7.985689186086794, 0.4635640168431334, 13.19377597663414]
[-4.3042554907782025, 2.474384176104647, 14.488790765521614]
[-1.9981631911864564, 2.546487692657308, 18.74893479797484]
[-11.244358518637597, -1.978821254042706, 18.691995691980956]
[4.103340498090129, -7.556331222393393, 20.47885423590027]
[0.7690117400596275, -10.529027379116545, 13.959060985864376]
[-0.21505067817787793, -9.325336358171745, 14.851002864464595]
[-11.109370469313644, -8.25640670421412, 24.12460553459719]
[-0.31333356022182335, -4.3196983747122655, 15.383827128022496]
[-0.05250998868396395, -8.151309282854127, 14.206870323354389]
[0.9267913432670718, -3.006714032044985, 17.652675400048203]
[3.3672508881222925, -3.935801669770459, 15.93093836397878]
[4.778556530265073, 0.72770396711449, 22.283591635767806]
[3.858547523701518, 2.0342484265946554, 20.728874061344847]
[5.948800344811996, 2.8028801328959725, 24.739653723670305]
[4.301429771196961, 5.936989401236331, 23.868373858877586]
[2.9975105442864103, 6.0814254149133635, 22.875776589291696]
[-1.8727451075243562, 8.449804817152323, 17.825006996742964]
[-1.0979136309312407, 4.771315976924206, 20.80415054959299]
[-2.6592827278197806, 5.579110055262477, 23.518239621213493]
[-4.0663206166595565, 4.457705968599589, 20.898160871902704]
[1.58708767641191, 7.619752358952768, 27.798151681098997]
[-3.56029077566446, 5.901824788826145, 25.06242670666776]
[-6.016245856934688, 2.8327275432076418, 24.425382783445304]
[2.8660562892964196, 3.349365235296989, 28.952068568099843]
[-7.24959895866001, 11.141807521662752, 33.269710102537616]
[-6.068317340861255, 15.248084715589748, 28.34711787868777]
[-6.2911144384380915, 0.1109743929447603, 17.302658269951753]
[-14.028105856845597, -0.9333387917881455, 23.168649618811344]
[-8.14197679356736, -4.480112837496659, 22.758320702468165]
[-3.583391796178451, -2.815749151486246, 21.119251253711113]
[0.11786197384415387, -3.274323396422396, 23.89434764285678]
[-6.2160209063094065, -6.4996947485792775, 22.79880443139131]
[5.079462428549143, -7.593459156431553, 25.877000477260612]
[4.146656512244564, -5.058454354626977, 22.755398121859983]
[4.613121176435578, -4.436075237182115, 20.867465746917023]
[4.9032910659531765, -5.489495196658478, 20.69461694068825]
[3.839083410269245, -3.2722757908355478, 23.193183143585372]
[6.498298653865135, -0.20140798234862545, 22.66355248800928]
[5.819589042081238, 2.154402005284026, 26.74335027797106]
[0.29619536068161123, 13.370505713351882, 23.96888333668168]
[3.3123819338969214, 3.816099819892802, 30.61792510187851]
[11.803549724089839, 7.442859835018353, 35.352131058924954]
[1.0372201551698934, -5.948691610931461, 20.36139115124729]
[-2.7043211957516298, 2.6082681816154256, 34.770478221093285]
[6.078911118195725, 2.954689244466553, 34.652683319316445]
[-3.5590721549836912, -3.620169292805188, 29.0185767014965]
[0.040483426920470245, 0.7501380413826136, 30.08031230591027]
[8.381458520195228, 0.9363734937358469, 28.818216144670707]
[-4.884729310717485, -5.455236621055384, 31.36784831334877]
[-6.399753169736257, -20.100569514363904, 16.626128026758266]
[-9.208980609054317, -5.833186625219647, 23.46574417933506]
[-2.4087335562725767, -5.456625099611073, 24.88388534808452]
[-1.9590440050064206, -8.078890865719591, 24.398205667205477]
[3.858944378873999, -5.076910856069057, 29.391818171988778]
[-6.7654372277042585, -6.882445557945663, 19.380328867428354]
[6.0410454906295294, -1.762502851581408, 26.88379462341044]
[-0.2879736914542873, 9.010102518751516, 30.31194323523997]
[7.914949166852945, -0.7403737210979191, 31.205398662261675]
[0.13791612705633927, 4.695970821915913, 34.06148175376147]
[-3.802429735699959, -9.169648557570119, 34.02820842573384]
[3.8831966724095794, 2.1355441995673035, 38.1844245757892]
[-3.881229453070411, 3.332413633476398, 39.07633098270253]
[0.6415762774224262, -1.2663899971207475, 39.8242839823386]
[-4.869009416199897, -8.871690439306501, 31.960427768806603]
[-1.680407107553775, -4.635517656106435, 33.592593428032934]
[-2.6140361446024056, -5.292323837748966, 31.703344380097203]
[-0.5053165992465524, -6.7497628311546265, 29.58204219005201]
[-2.1342392678204085, -6.34518021825998, 32.78033012760825]
[4.42608405396654, -5.440879698809517, 30.33404843942467]
[3.5725601099388453, -5.992027414775729, 29.078226839731492]
[4.4075431721627965, -12.023375740849708, 36.150033822808496]
[8.826984525185281, -10.989872661121344, 38.447256512538885]
[1.8120053880348732, 2.369212320846721, 37.42722487077127]
[6.1457316715644295, -11.2433413062419, 39.17932307617472]
[-5.197800424464614, 3.2235266155680558, 37.59736835041241]
[-12.077113908915374, -1.9958782276696483, 36.934041594030035]
[-2.620730952920526, 1.5108559260219543, 27.977418263410534]
[-3.29052714599613, 4.0733576490288055, 28.80009064715717]
[-10.994927360842757, 0.8821094644695319, 26.653091356815356]
[-3.2964150743006426, 1.5570521256681187, 27.473305227618294]
[-7.067157821899711, -0.43833791074485706, 26.59913482218224]
[-7.963864865237308, -3.7133020646101897, 24.845017212751088]
[-1.4927243023702763, -10.213424519035627, 30.094533245634125]
[-6.181963768821269, -4.358200078298507, 32.24151101888819]
[-2.417987904731937, -5.444630511676327, 30.779372180165808]
[-4.268835964104124, 8.17761762494289, 34.82488517977235]
[-2.566678880866595, -6.601112326944458, 34.89079542282885]
[-1.1422208448067694, -7.63469411399473, 28.951723394981148]
[3.0317634437888032, -7.640536856840654, 29.535088366403656]
[-0.8316195623812118, -7.349395768421905, 31.73147200044371]
[12.600588817972003, -4.062708191050211, 21.418963087251086]
[10.47594253700949, -8.245309577786452, 17.44278261464399]
[12.706676262648822, -5.993706893948607, 17.4387378999031]
[10.564218706648466, -4.34419563622479, 13.001681111219439]
[2.62076538100324, -17.458676057233156, 13.684706459767444]
[-10.205067869074, -4.579126825876967, 12.481988989526936]
[-10.407812930493595, -5.457048523516393, 13.140689807105483]
[-6.830949407923911, 0.7381570431807578, 16.398666725858988]
[-11.982628210598792, -1.534757642004363, 13.684745499816515]
[-12.363278839820872, -0.7647432124622269, 15.254085375511906]
[-10.494178172853257, -0.923141233349823, 14.037834248565163]
[-6.766784614172552, 5.049835334255758, 15.824290532537198]
[-7.419407223663231, 5.710261492575729, 14.568433618576645]
[-9.77860923514655, 5.186667832711503, 11.008197197682474]
