[-4.186121318651768, 10.46229958955785, 13.225956096502706]
[-5.443143279064749, 11.392330857601298, 11.875612860312032]
[-2.7368920112289845, 7.291512121338039, 6.089345163324481]
[-6.481288422046471, 12.913248246841224, 6.436783337488194]
[-6.2624116046152105, 13.5041343680377, 2.3482970508550167]
[-8.515823684682076, 15.357107992510192, 5.694676935399869]
[-6.640587363961043, 14.632066626252207, 0.9687524774046139]
[-9.893629132560754, 16.083913210287832, 6.151684185949819]
[-4.347134926680765, 9.76676312604915, 2.343969755087528]
[-9.373690964913376, 12.598103708940824, 2.8182782452880772]
[-3.6155745320374217, 4.446748833029642, 2.2690039863987437]
[-8.296819159132095, 8.255129811201801, 4.207520232386443]
[-9.3079445763559, 0.021049323108738402, 4.587298198720177]
[-5.982979037834337, 1.7914190066198943, 8.39042819042335]
[-12.860453121844813, -0.9979132921588613, 4.312090803405553]
[-4.857409593010562, -0.5306357570712942, 5.6829790147788515]
[-13.534052875380516, 2.6183696752750505, 0.9272651160379723]
[-9.446223556129397, 1.5990405604930304, 1.172669737975049]
[-14.488159795523806, 3.3251935518507327, 5.497779561130827]
[-12.719949096250353, 3.075321666210194, 1.5941196671800455]
[-13.830610273083092, 1.946674408630929, 8.056084795327813]
[-11.863242433211472, 1.8194283880832576, 5.4417436043360965]
[-9.913196862300456, 3.1655438411032635, 3.226806405116335]
[-11.98839389172904, 5.798157489872873, 7.557398138599993]
[-6.286838562701796, 2.4981252260681632, 3.930085601961025]
[-6.335960822849907, 6.829223207282606, 4.902705925139138]
[-2.86653908818155, -1.5952924511363655, 11.386276379033092]
[-3.4158219849155618, 1.1529883788592141, 5.691726569549964]
[-5.952876562049237, -3.0156217047445666, 10.576984731709317]
[-5.323597313427236, 0.04376547941381946, 4.092075387373747]
[-12.475881985015747, -2.8663616514758314, 6.0495600907116724]
[-8.40466652286475, -1.8589258573902148, 4.259218674544755]
[-15.624458537915284, -5.701482299802056, 11.38739493068092]
[-12.713143935614763, -4.353503272119447, 8.785733185539534]
[-13.529784124325186, -7.182469467956539, 18.28090313154192]
[-14.646658900299586, -3.0734828017947895, 9.211755391233439]
[-10.342200188405346, -5.479434793618585, 17.962034938642248]
[-8.50088284676589, -2.615012318998159, 8.724529985070788]
[-9.07600516603123, -3.8071268997910814, 11.141690229188562]
[-0.4138886715134127, -5.674401687162373, 12.456376397154422]
[-4.187525967305624, -1.8689179159018947, 6.762233945943045]
[1.658307189816562, -6.969924932816058, 9.054325032174447]
[-0.12086925270859873, -5.835190632454326, 3.7589311943695094]
[0.02393762332978243, -10.388047105011683, 6.4610763392470645]
[-2.3683165009140486, -11.994419582379313, 4.600825106158069]
[1.5631334740804068, -16.35752058801024, 11.646969014252335]
[3.5879037292719844, -12.377622498605888, 10.987232237576933]
[3.5037624247246963, -20.913488199772313, 19.930557797582914]
[7.56212674444493, -12.497573071231741, 14.47740490817457]
[2.6266039158264594, -16.40780713593911, 17.76137411483849]
[3.9364797730779104, -12.990694205556263, 10.012899571754794]
[3.63099739137437, -11.427861616771484, 5.094563001266266]
[3.2308344096963615, -8.668335105291742, 6.622125013694301]
[5.576369040396285, -9.29146698222896, 5.298863085221903]
[9.327105007508774, -8.98031920221338, 4.027681429247124]
[3.989012686802073, -13.6775813157677, 6.4425931658683595]
[10.633123250804836, -13.993423057433242, 5.428906205529742]
[10.339418682108107, -15.971760586805292, 6.977395707777362]
[6.980070503267492, -18.58586324952301, 8.862688112448566]
[11.38272415775717, -13.122045529483113, 6.640957693830401]
[6.066069685177999, -12.265853427504524, 7.786919164174471]
[10.897852572698932, -9.222059051061965, 9.321521067004014]
[6.876283575411703, -4.528916340226342, 1.2292008037001239]
[12.566362319486682, -1.8971138990728214, 6.905328269753127]
[9.4030891787535, 2.384036876473763, 2.954533569672698]
[6.365050724308622, -3.7618410649705534, 3.9289497790881214]
[7.340932839646483, 1.4333253830461827, 0.0]
[11.804736723804723, -0.9595512890037899, 3.0413549604912617]
[14.240460417097601, 0.754227839853576, 7.478637907490807]
[15.941751583546512, -0.21629599058877058, 3.668530990267996]
[15.678115670244779, 0.7936000266433452, 9.436007996573522]
[14.680047230099078, -0.8808069154242516, 6.956095138656686]
[12.821231657940396, 4.350842802711329, 4.826036552560268]
[8.876757757810344, 2.570913622566441, 5.838086489851577]
[5.3119692938113765, 2.8324983351829056, 2.740067652037098]
[9.421009693917618, 4.103179456609761, 2.2220538884761822]
[1.9342733568623052, 2.9809308603945945, 3.316862673544051]
[5.384329911764975, 5.842615281812815, 0.8926643338637277]
[3.2221314209517233, 7.50368716525578, 2.237463598746963]
[4.38328913707586, 7.373049638324932, 1.3803844572614565]
[6.704352907945269, 5.304924977046417, 4.1778348730892105]
[7.085893725428669, 12.317529758463134, 2.3069809474654406]
[10.614941054476018, 7.26040758477528, 1.5315849095850211]
[10.011060460288395, 17.814024888176142, 4.9121756601482005]
[13.428927708537657, 12.318217620043185, 3.7377977466510828]
[10.765129780019535, 16.880466640599604, 8.558144419783332]
[7.412577441446369, 15.147365033690853, 9.6961033528669]
[7.616151215891015, 11.633745555325138, 6.2079431397461065]
[1.700247587841321, 14.03783549688139, 11.965306231445574]
[4.620145201844512, 5.7354542939435085, 7.244911044212785]
[0.3843835689363224, 12.77680993737345, 5.8791058281857715]
[0.30129595528858033, 9.850472937160905, 14.39271354759573]
[-1.1406727573237558, 13.277190552566267, 3.990960029351683]
[-0.7413364030972873, 9.313118816704407, 7.48486946240579]
[-2.2550270460571618, 13.944834282439981, 4.682849885893837]
[3.4255975165258477, 6.789852943382439, 2.6863373808614597]
[-0.020377632309482432, 12.387286983544879, 8.24891950115542]
[-0.9495416317107366, 11.954840630591175, 6.629841673616042]
[5.6373525136239895, 9.762397859604814, 10.491109591735963]
[-5.681062712860816, 12.554619966941662, 11.826657002481042]
[3.3251684679601814, 9.026540752345953, 12.48905492611049]
[-2.2619071954256573, 8.038663452480337, 13.914468345729894]
[-1.9858573965219866, 6.9929146394262, 12.760404435153966]
[-3.4587780019465857, 4.4389796566201625, 8.925596296739641]
[-2.253041696171295, 1.4399552137474347, 10.317013962737327]
[-5.039142368716126, 5.352837318868559, 7.526147286802669]
[-7.3834240547801375, 9.906593512259754, 8.834074477567853]
[-9.913888962352909, 6.570708421586245, 5.832008391948854]
[-8.471947087421537, 16.32906013669686, 7.485645470862309]
[-12.567942694131263, 8.323954298151225, 10.38832335478476]
[-9.405120969888003, 12.775305161619864, 12.372499138723434]
[-11.407415630600124, 16.08027615089192, 12.623183459170484]
[-11.43408058308476, 4.92252485276212, 14.508612786284722]
[-13.819246046023931, 13.949328861597463, 13.149624640097763]
[-10.555456150146455, 3.294403211064029, 10.219334732841403]
[-14.093124579453004, 3.134502195254747, 14.431512143572071]
[-10.10221516921009, 2.277065605255955, 9.087740827117123]
[-6.9801312549745465, -0.2282463234179798, 17.650343335661606]
[-10.475549917123763, 1.4564033317634428, 13.375609283844277]
[-8.468195407654392, 2.203253102352962, 14.55271365232609]
[-14.516900043786535, 0.35010483042903584, 16.495763138750437]
[-15.799547020496995, 1.7917852656849211, 14.024368589679213]
[-18.39372791239357, 0.9618838878491937, 20.281765157279697]
[-16.092595768992222, 1.8363449628486699, 21.63067312063691]
[-10.553750541462698, -0.14295825288192876, 24.62119592852602]
[-10.640586628393239, -3.2727317812936403, 24.790558055777957]
[-6.4347855276262, 1.722817056064449, 23.56024720456799]
[-6.433585115183407, -4.667686474728539, 26.160513895320015]
[-4.355229013479239, -2.322894220305653, 20.9000227255701]
[-2.4587053620993506, -3.7058004331515213, 25.15314183542379]
[-2.777663209155667, -4.4787332265513164, 22.94517606323744]
[-2.7048971055884437, -7.09702088856184, 17.70529207009858]
[-6.510160097344629, -6.8362062404195765, 19.816607551334783]
[-6.4088132735585805, -6.633852574104184, 28.44584369012918]
[-10.357815866582133, -7.551343700112387, 24.754688661254974]
[-9.147095225758763, -4.0290836309276425, 27.363527969376225]
[-8.316661811410556, -8.31928376302418, 27.541815420917338]
[-6.287815901053242, -3.523935832972676, 17.68870009145306]
[-1.4391424220828544, -8.859166996228081, 23.05635322052235]
[0.6562859706014434, -9.562616863824003, 17.147920718035344]
[-1.4190165536559989, -6.441186267273199, 16.449780641068607]
[-2.4741600474568277, -14.01378415207596, 19.39225148153588]
[-4.757833369181187, -8.351304946545806, 19.702873964839636]
[-6.021347660448933, -13.382854222369216, 23.654107365577403]
[-5.936696481006489, -14.049841814539814, 26.730938642639636]
[0.3159509477705029, -12.563443257334772, 28.263269313197213]
[-8.082562538996877, -17.699732722252776, 30.402701004047643]
[8.183411688065778, -6.930741398274629, 26.17619910639206]
[-10.931692042662238, -14.349567756553359, 29.901573823384698]
[4.740049944173141, -4.499976198802377, 20.505596788300526]
[-3.031178742636018, -6.187491224071282, 27.43430244451706]
[5.487946823622735, -4.358482972830982, 26.06308933065813]
[5.406189868767088, -5.18167329117016, 23.60766706092898]
[8.250223062814456, -7.600707107528699, 21.93015181423079]
[6.145243520339314, -12.671637823016267, 15.140887464520588]
[10.76763183114813, -14.816265472744426, 21.076998342943956]
[1.6253630501429555, -13.382437796198307, 26.108234313395247]
[5.359268275083053, -13.888146940327282, 31.303482182517637]
[1.261149442542856, -6.627332455527647, 33.33683987744513]
[4.432472408579318, -8.163107473955673, 32.25254802000005]
[5.447743712740149, -3.738302984137087, 26.749508580307925]
[8.56116527951276, -10.314702832701531, 21.750935874616715]
[5.1160754862534095, -0.6109877967164429, 23.44892113996826]
[7.863387454121968, -9.567383195708208, 17.679115330098114]
[5.934566531891505, -3.230432549681821, 18.768942238951283]
[6.554682578096527, -8.274450712035568, 12.844904876619239]
[9.44989429181471, -3.4205409900676353, 13.53826924081563]
[7.911662134144041, -8.666123586247345, 8.713760010732088]
[10.075754175476934, -6.9176463982465055, 8.628176332647683]
[13.258356158488617, -10.418536156520249, 10.464405073357582]
[15.299829706390314, -9.988438328415551, 9.818100396858782]
[13.574468232750172, -5.28309569998572, 20.2580503945372]
[16.78652971893591, -9.946491559410457, 14.138417426402135]
[6.973701251578463, -2.6425572201150973, 28.28278424095371]
[12.172902824524723, -10.985597740960216, 12.684224382797787]
[5.601786304291943, -4.711770864836446, 21.949693446753507]
[11.51188811707765, -11.65785153757805, 10.007786308676273]
[6.11124119118916, -0.5383086198207877, 16.21063069073303]
[7.675285707551067, -7.27924721915187, 13.243582109811307]
[5.450753325853595, 4.732453653517272, 11.802091804037119]
[7.582278625166036, 3.0396354322159103, 16.412089281883183]
[7.738708824851621, 7.552832674523524, 5.951213191718708]
[11.611389948226629, 7.096584183262479, 10.48230094532002]
[13.88234930683076, 1.7323545471894455, 11.630695442693629]
[14.544127540947699, 6.411938884192869, 10.472765542994651]
[15.035805550590643, -0.4259541907481773, 17.48655904310174]
[12.850450118499694, 5.354651749636165, 13.813108688285766]
[9.279860671550363, 4.032535497828311, 18.67064027477004]
[7.944077591266682, 5.630079426513369, 15.265514448683994]
[4.1705471868043125, 3.3638391438503192, 21.251466280501546]
[3.6969180320328987, 6.200370863005334, 19.7608004265525]
[2.2223774062013133, 2.675014974883662, 21.856182804490203]
[3.3522893016910715, 5.120935391558682, 20.434152266339357]
[3.792896405751529, 4.73839214555159, 15.255813477421981]
[0.6484303849618761, 11.650050555838547, 19.690660683590394]
[3.6728615649369107, 9.297904571675918, 19.391419923793613]
[2.1225915976540604, 17.427280282746416, 22.95456638152202]
[0.47933286045105783, 18.27894719546336, 30.75116989094806]
[7.625676209886682, 14.913238455296696, 22.111016178279232]
[-3.2971557629867307, 15.041836571557216, 29.271299581320516]
[4.314616467015794, 7.785891761763857, 19.076235437246833]
[-3.035207005180296, 7.1563704432615225, 19.738962785683448]
[-5.349302263988493, 10.122597161763684, 18.261556137223444]
[-7.489883801287025, 4.650508847777459, 16.730910389659414]
[-8.536824274312549, 10.022029965366894, 18.008105107255666]
[-5.202248373471134, 2.793400006420354, 16.611003820301406]
[-9.492451286515017, 6.525713661751972, 20.018494861473364]
[-3.9709605107851873, 4.032496041812595, 22.515971060853957]
[-6.996198516164915, 3.648642667677793, 22.958373797033587]
[-3.9867613299518503, 7.2793511811797185, 25.26518214384768]
[-5.051621004118907, -2.5793580902847535, 28.52606573993425]
[-1.537791163124398, 2.8089019144862393, 25.93853394125677]
[-4.944693845480917, -2.678544190381666, 29.6290319977931]
[-1.7634514892710937, -4.348071057914943, 24.2992874716497]
[-9.033538088530396, -0.34022024989694966, 26.701352236831852]
[-4.976498182173783, -4.141867019325202, 24.10256515715979]
[-13.231581627803134, -4.017743247454977, 29.82951008748275]
[-10.639246241055389, -3.8666479170508175, 28.187054939546236]
[-13.164664867212995, -7.3754981219695015, 29.893789107600057]
[-11.432460444769031, -6.649300488607405, 31.423519237454308]
[-7.445806164253511, -7.974616803055806, 30.787690829022353]
[-4.401636968602221, -0.8266598104769328, 28.320260753172427]
[-0.37505692088337006, -10.116487373489418, 32.018903843279624]
[3.3581709967645383, 0.21664170347049716, 27.21405937929866]
[-1.0569650978503162, -6.1148115844727275, 31.24590549723316]
[1.784348148319176, -10.386413559502016, 28.500926880982284]
[0.7405827403625703, -4.608428721897427, 27.54370391615184]
[2.2657899128632333, -15.894221765072537, 27.131902599223032]
[3.9507303512471843, -7.22782137019148, 26.062262605132204]
[4.161058127036746, -8.03546797509007, 26.826927746370398]
[5.72095554472963, -10.821931861173162, 27.27505995488606]
[3.0244594076973894, -2.965853188791369, 27.801087319979267]
[4.509045998817854, -4.712886665894096, 29.951117203260257]
[6.029239956341583, -7.945018763033726, 31.25243791640211]
[7.419274273638393, -4.56530511096963, 30.029868689427126]
[13.961594934973045, -6.027280934173232, 32.231219958056045]
[6.049618852471882, -8.741112265912843, 31.530522000333015]
[13.178338339787848, -9.023333022395505, 33.80041464339399]
[5.852761083268001, -10.557409287414174, 33.16825806010302]
[6.568850992688854, -7.262892218997214, 31.623371128388623]
[9.482132125464833, -3.8097601971943713, 32.75200237948388]
[9.235058305600647, -1.3389248487247507, 28.669435054966897]
[6.753372917208475, -1.8250335477576998, 26.644577587078253]
[8.487774346958044, -0.4593795433355955, 26.843856624641724]
[9.481551796701803, 0.31591726939571874, 27.079250001745272]
[12.263276931290088, 0.8470514275791844, 27.274549580796936]
[9.763420441118125, -4.0273916328557195, 33.38020495351485]
[14.55060537831401, -2.1507196285534236, 37.31180627931105]
[8.119185945044324, 2.8336745133273316, 28.40543158955594]
[13.327125617473651, -3.2178702257911707, 36.492688223857215]
[7.134377377721059, 5.491064639173526, 9.56607852041492]
[10.881708160139613, 2.203573486391988, 20.61049131031382]
[12.252250585179207, 1.4162870636454852, 14.684359044188096]
[9.144123897519615, 0.5364652127760329, 15.670475978771542]
[15.324387631674014, 0.2818963725555883, 25.109333833242047]
[8.02704593556446, -2.645209185284433, 21.120779645273505]
[6.931217852171261, -1.2000862146241131, 26.289976904690626]
[7.349982056928683, 1.374212556526038, 26.39625160897277]
[-0.3338596138671637, 5.905090034349552, 26.684662710016887]
[6.643467937060684, 5.449366750986092, 27.108427782734566]
[-1.343838630775378, 9.53430633435115, 27.72797615333495]
[4.043872025011649, 2.201646513059674, 24.94176005963861]
[2.6961738191427917, 12.907305993321632, 28.96416124078614]
[4.09313630565569, 3.4138981650123097, 26.181270442306555]
[3.9750328730301723, 14.669251450841973, 29.53856431710663]
[7.887742130887014, 12.156536071569915, 29.63168464824987]
[8.42166212066633, 9.53954881522421, 30.56669971171288]
[4.621264833188254, 9.442541242089412, 31.59705322585352]
[-0.1703207039873567, 7.530913151143736, 32.913900649153945]
[-2.632498931846329, 8.177786707811018, 32.702113905807664]
[-1.8735485921660273, 11.15050075329429, 29.853431536155956]
[-1.508743654567589, 7.6824627298054065, 30.403139669307542]
[-1.5367747885806335, 5.42787377436883, 25.558439060470683]
[-1.8011184875040422, 15.915830892681864, 30.275478982576942]
[-0.4501365193088849, 7.309595317403518, 25.65322157656037]
[-0.9833521350620202, 14.048789783452587, 40.42702548023549]
[-1.6039986173826444, 10.835087767329764, 31.037488718221056]
[-5.668567965394759, 4.566865601572388, 40.63211705388594]
[-6.05737168544044, 9.733142121754405, 32.3301867598442]
[-7.862076532282249, 2.49916903157585, 32.004499836118576]
[-6.873194867430005, 2.961947379782712, 30.236919343706656]
[-4.330648029940966, 4.075879021052634, 28.5480484026291]
[-3.69615462986092, 3.0709862046640417, 26.47481207208456]
[-5.574174982974884, 3.1334179733622287, 26.86426760428293]
[-7.136701507879563, 2.3660347597847995, 23.022023903643685]
[-7.464924742318486, 12.330355700468292, 23.290408931821492]
[-10.457223823204796, 7.304664243427332, 22.100209368917376]
[-8.915377022044751, 12.722887474483855, 22.887455025731462]
[-11.573881124713242, 9.589506475981622, 25.356063208627027]
[-13.84658716158015, 14.905705181775135, 28.986759043245925]
[-12.584405727394447, 11.604683542535602, 30.717674919439386]
[-13.377635731993758, 12.170180224795942, 27.464982007790404]
[-10.886978797883815, 2.3860129135506862, 28.03518592536281]
[-9.99938577461523, 8.259563070790355, 31.389968081929137]
[-7.742297171694204, -0.440391748576726, 26.772340341506858]
[-5.032861040829524, 2.6508525790412443, 29.92289962792094]
[-2.212584996673284, 1.001715889934084, 31.04814952852601]
[-3.0406011149029535, -4.471674762473453, 33.82901036040511]
[-5.732546195054844, 1.659900923905154, 35.014259355127905]
[-5.284494318868562, -7.840750453676801, 35.8115187382129]
[-7.933391124070935, 0.197954726216805, 39.95168931821459]
[-7.181590564815694, -0.44791717349050975, 38.64520749444994]
[-4.736925413620271, -4.384882177273656, 37.60994964115771]
[-3.211135256320282, -4.345876609143277, 38.462786766882004]
[-3.437200766362695, -7.281109715744364, 38.10608830675849]
[-5.420127794440756, -10.228900568069125, 36.496942626898694]
[-5.183310458433204, -8.85070505779716, 38.41847039482296]
[-4.531250612970217, -14.795433094208889, 38.78704107103892]
[-5.501648537016018, -5.568462345386475, 41.72567004656191]
[-0.4918543467458121, -13.889809005041522, 38.98113958133757]
[-3.5315660952937007, -2.884016608384146, 42.455617758575556]
[-2.8938236055948954, -7.800733104689952, 37.515457387938945]
[1.8945706042288335, -2.5934405591321172, 41.41334045035316]
[0.25458363914131765, -7.479691859167376, 36.74776702711327]
[2.133906975368477, -6.707185398598009, 39.53880746159078]
[10.283869077827465, -7.872828242449497, 37.91617523100523]
[3.070082112226909, -11.657419465096384, 38.158437608073854]
[11.40099425060231, -7.11298736377768, 39.09978559131677]
[12.194617507687301, -7.949773174119452, 39.33776798460801]
[6.176820624018147, -3.574126412422697, 37.318526480724685]
[13.108206746655835, -1.213776467850623, 41.9387786108007]
[13.119759714173483, -3.293857840450753, 38.517180841179574]
[9.396670581963516, -1.490348169826339, 38.49196576845205]
[13.978693551407089, -2.434151517340194, 40.25790632032651]
[7.922556342662752, -7.012795907800879, 43.07872087664282]
[3.950098484713557, 3.0607723513344025, 39.51232252456222]
[5.829891434577714, -6.248970172259531, 46.40137481150022]
[2.5459567296739856, 7.230526554555794, 38.73549151254289]
[5.898892756276025, 2.39219531579382, 41.006310702847415]
[9.252213210635608, 10.671235276214553, 37.04765807923562]
[6.160244670588138, 9.404504671581293, 39.51993004132784]
[12.5943060390095, 9.85031526045536, 33.74546890620239]
[8.76859675612019, 12.092901998854428, 35.66572410766456]
[10.901476534951808, 12.102492389501101, 34.14303899103272]
[12.102191275949524, 9.05276261720857, 35.01687387379971]
[11.511825713443377, 6.29372850609127, 38.3034851390443]
[7.895292418185377, 13.18457211135108, 38.70045495876701]
[8.334305547529244, 6.85355327501199, 40.63292913519399]
[5.747150944121257, 10.17241215505001, 39.67576186609911]
[2.0110894594996713, 9.153261196503102, 39.08489434384966]
[5.499495906594447, 8.128272126001761, 36.882649752791636]
[1.2037583781484285, 5.311640998249535, 35.592702643602145]
[0.3126731353149115, 8.436114484321218, 35.692028449448216]
[-0.1384626968950087, 4.718435652383819, 35.98738325492985]
[-1.4072574938881979, 7.965610366402798, 37.16860729776556]
[-2.26851086912975, 14.233000177394834, 36.56505162494643]
[-0.1414584166527734, 10.345631941535068, 37.740794721389825]
[-5.732982166541968, 10.116763506476154, 41.49111656910365]
[-1.751789834316683, 2.0114997053258588, 41.02764722027525]
[-8.012065906426326, 4.637666667046607, 39.61247217711822]
[-7.3644202047567795, 0.8421442972045, 41.28263608103491]
[-9.239666705055988, 4.119552889432583, 39.426515539352536]
[-13.853687710146524, 6.780225865229363, 40.3455457484843]
[-9.469741834903592, 2.887310407750138, 36.882912486001786]
[-14.558318336301008, 4.568615270308353, 40.7861187712101]
[-6.039199329242795, -1.9864389053733558, 39.407431308062435]
[-7.972693953971794, -1.4516978849729136, 42.01005626302873]
[-4.358375211421183, -6.19361181091814, 45.83803648219909]
[-6.358425666818341, -2.2529911667596103, 47.64009269775456]
[-3.4978012884961887, -2.1054363414346198, 43.444364314647395]
[-4.992920400337779, -0.9046758831240104, 44.35238720762978]
[-4.75495462282383, -7.765818982063731, 44.45642593453293]
[-7.111130527715034, -3.0638430875116955, 44.509312474671084]
[-4.694803347361216, -9.782578278686032, 49.893169295250765]
[-6.259767821199212, -8.236567705147982, 44.35118948926216]
[-5.199825072745751, -8.356027440027326, 52.918368498812]
[-4.801398611543242, -9.215287751693921, 46.38435510365284]
[-4.817483123938755, -8.381210843301867, 47.82454607751135]
[-4.337447555989789, -5.31817265572303, 45.31389575211698]
[0.8324704792279665, -6.408598553827511, 44.031131095814544]
[-0.8901681067711888, -2.109975526556483, 45.71309283635126]
[5.271940699744907, -9.66541159179452, 45.609056960230966]
[2.690314771145668, -7.224077567613531, 44.90964625124312]
[11.190582569573547, -7.543683439302136, 49.603276381593076]
[7.600907648842845, -14.771803228826169, 44.753391861649604]
[10.209533981166427, -0.060737094850385934, 48.42784538757792]
[7.2748181429236265, -9.540320374536428, 44.587020385750314]
[6.091844380036543, -1.7799645350527011, 44.57567825766259]
[10.052651483241487, -1.0137850265325905, 44.556440757694574]
[11.575865158554944, -3.8263902292876204, 46.165997393556125]
[9.754195441781706, -2.0062313694208824, 48.76298364513811]
[11.57392529468136, -5.0632290484444855, 52.67847048601253]
[11.860742620789154, -1.63768166796964, 50.24688006453127]
[5.939392385856968, -7.731006729638803, 52.14635855126356]
[8.68015597787965, 2.6632882295038534, 46.575469508833436]
[3.100437377772582, -3.3349259618736515, 50.99006733026934]
[2.1416208965601555, 4.059922852386548, 46.724965361624676]
[3.9376221555006934, 5.8492512576318045, 47.341054493811505]
[5.7931050099519465, 10.04636073652778, 45.13193791893675]
[5.028428261154079, 8.758240491809216, 47.9395695884387]
[2.3061699785539136, 13.152606109816936, 50.31392194244717]
[1.5038386708622329, 8.459674324121249, 48.46952027545525]
[-0.38796523336060806, 11.159489898660574, 49.296823384058186]
[-0.3598421626749646, 4.7720080694964935, 45.905372471660726]
[-1.3207833363902752, 3.5145868701322978, 44.79180777936483]
[-4.327343220707328, 8.424385266964256, 44.0938967981853]
[-5.299291597068643, 6.034102429845163, 46.1112252524799]
[-2.212060985076398, 7.050551814145782, 52.08469442463431]
[-9.271825029826644, 7.781873877571222, 53.23448929761633]
[-3.598575203397769, 5.103660929225375, 54.357470276667826]
[-12.692936206219755, 8.526128224616443, 51.515584256846324]
[-4.999979465656766, 2.9157924611863657, 53.46097246937444]
[-10.69921060032143, 2.518303791599932, 43.58424406532114]
[-7.1648391409576995, 3.746690309701663, 53.06685627247012]
[-5.261994100991881, -8.153255816547727, 45.25863066988335]
[-7.339899354377579, -3.6835623209325736, 49.750998397666734]
[-4.137818070641888, -8.350756159853054, 49.42526177564393]
[-4.649357925802246, -6.366224102471165, 51.690080415510764]
[-7.020956527162584, -1.5632072060422424, 53.74670859842634]
[-5.82880285389593, -2.968140462357599, 48.79529015590672]
[-6.7501875014081705, -2.803381641379238, 54.08630799928871]
[-3.2946619561360855, -4.616903375635825, 50.74550493778037]
[-5.670059061388512, -4.502155616232981, 55.5785810312492]
[-3.668545973856614, -6.365688412065085, 51.779836219827715]
[-3.261854642913459, -4.875830463845876, 51.305694972601515]
[-2.145281316868056, -6.195913104331643, 55.807644409684215]
[0.19377562113968935, -6.779663183807745, 54.00546495373224]
[-0.13172220812788596, -2.4845348924897537, 50.4708511094683]
[4.487089938969523, -3.5945484879128773, 49.228150571908145]
[3.1736886469424856, -2.37770850572044, 49.009684428756515]
[0.419112677431382, -6.048766033806132, 49.47856303795452]
[4.277234995601558, -10.721529704719462, 50.24848953775633]
[6.547378263776716, -13.824089526142133, 50.86765984262524]
[0.9621968000327875, -6.278462775044165, 50.634464710993015]
[9.005135384238278, -10.508271019814643, 51.900234260848045]
[2.7944637265703975, -0.22832498590602246, 51.96709259381133]
[8.98541291679264, -2.3174867942214705, 53.35498534338107]
[7.933138965585354, 5.308306269168948, 52.26674179766943]
[10.11990744014421, 2.3387418341621373, 52.911734568502176]
[10.31939325174915, 3.075378428450203, 53.97185995088909]
[10.857116029880501, 2.605644220385921, 53.841137600641076]
[6.2867580797863765, 2.6498317818859936, 55.502596009643305]
[7.709492179723359, 1.488869738517608, 54.73273714221304]
[5.166490582913537, 2.9890156009661073, 53.21033590758808]
[2.583180099767958, 5.602823301523918, 55.89678357197095]
[-0.25268907793778905, 5.033019676101189, 54.6458681772219]
[-4.0375545320990085, 8.055094835269431, 55.06597573117319]
[-5.492459082720237, 9.440151742408286, 56.2354526898817]
[-4.3881545461761515, 9.75809965518461, 53.122566565815916]
[-2.1544279781373863, 10.753257569186104, 53.01864343474085]
[1.2678417086624774, 8.66553063149355, 51.329011454700264]
[3.2892155344990215, 12.539531517884287, 50.17026029476846]
[-2.2504624740108117, 9.510378393090024, 54.56900052596963]
[-2.682925850212133, 6.361277107676862, 52.69273682090549]
[-7.899117580513369, 3.4765308860924136, 55.76683289256201]
[-8.008094678506096, 0.47183650388906695, 52.56592502795323]
[-4.326660983197504, 2.48265666315058, 53.860939816840705]
[-7.796712497127203, 0.25605394807690396, 55.96254228007038]
[1.0301831610325345, -2.4966492778221085, 58.98604356825665]
[-5.260078881708287, -6.245651829533692, 55.69767739024176]
[1.9217394175368236, -8.432561303236636, 57.03707760150152]
[-5.1925848570463105, -9.3844445546194, 58.41398231154987]
[-0.28659761161915265, -6.814244879396071, 54.48956404756264]
[-5.603345721418107, -8.19558550648819, 58.537886980294886]
[-0.07491548110326586, -8.143036795808193, 53.57901937467348]
[0.90438585084777, -2.9984415449990514, 57.024824451367294]
[2.8302684443467703, -1.1312325454193142, 59.3402825692271]
[3.590493713492603, -0.9425041345419684, 57.70205526398091]
[3.836142031282216, 2.0425209136405895, 60.10102311266394]
[5.926394852392694, 2.811152619941906, 64.1118027749894]
[4.279024278777659, 5.945261888282264, 63.240522910196674]
[1.1919368394170007, 7.2016695962402615, 60.218839479129365]
[0.927392964258283, 5.434643182964718, 61.21211262076143]
[-1.1203191233505425, 4.779588463970139, 60.17629960091208]
[-2.6816882202390824, 5.587382542308411, 62.89038867253258]
[-0.5585030181232371, 6.607703694153557, 65.03034470247533]
[-3.8357111885813104, 5.188037865758801, 62.352442840604326]
[-3.5826962680837617, 5.910097275872079, 64.43457575798685]
[-0.36952273560332194, 4.633867499107501, 66.3793966887029]
[-6.655327900216651, 6.9955400194811315, 68.21969549431054]
[-1.6235360182017198, 9.306997462489303, 68.02174227471289]
[-6.792762190968352, 5.634663444349689, 64.65833323756377]
[-10.070617091272728, 7.165645448946735, 65.13003280006865]
[-7.238951108422029, -2.1762967352300158, 59.40263853752905]
[-8.164382285986663, -4.471840350450725, 62.13046975378725]
[-3.6057972885977527, -2.8074766644403124, 60.491400305030204]
[-4.922111843663231, -4.649449462986828, 61.33117689387031]
[2.576256708777347, -5.425618789381041, 64.25782311137779]
[-1.057087689451723, -5.770802064557193, 62.14925032794474]
[4.124251019825262, -5.050181867581044, 62.127547173179074]
[4.590715684016276, -4.4278027501361805, 60.23961479823612]
[4.880885573533875, -5.481222709612544, 60.06676599200734]
[3.816677917849943, -3.264003303789614, 62.565332194904464]
[6.475893161445833, -0.19313549530269192, 62.03570153932837]
[3.374841514854071, 6.592821352547562, 62.68836696366457]
[4.543579995569778, 2.9935233996343475, 68.05278674124388]
[6.027467049966423, 10.414955261231052, 69.03265624912241]
[2.152395552114106, -1.0580234084733962, 64.86180717788199]
[4.527208771749803, 5.033836495362823, 74.43345369132821]
[3.5356601442635074, -1.4887286961865207, 66.87918628660096]
[-3.154102167786962, -0.4976780685489476, 71.26667651261398]
[3.037291780138796, 1.8606861299705166, 71.73864686393244]
[2.388787690186466, -1.3336254124887372, 68.29054547440269]
[-2.4445284343178093, -2.3442768027904517, 70.09622936094861]
[0.9684471828101833, -9.573825523268093, 62.094321137033575]
[-7.069260452305203, -5.635939136091581, 66.788945297661]
[-4.426648855423719, -12.770324819941553, 60.127155738740484]
[-2.4311390486918785, -5.44835261256514, 64.2560343994036]
[0.7026999188814094, -5.258495490794131, 66.51000081135574]
[-4.384646108774641, -7.4723957247866934, 61.26141631863601]
[4.927589442332462, -3.411434366779299, 67.5099554490187]
[-3.549110951998575, 1.0721009674488602, 64.21828510265325]
[6.955591836321935, -1.24316579929373, 68.41674569415515]
[-0.09743427461827593, 6.861309157379649, 71.55886154581981]
[2.033854223157191, -4.946738652288085, 71.98895259531685]
[1.9881509073136576, 3.424029997787542, 75.49510221609444]
[-3.864235086804486, -2.910344975000927, 75.92441875553727]
[2.239980982496701, 0.4428495882692116, 78.37650333038299]
[-4.397524927054455, -2.7613659158691184, 74.89052842707366]
[-0.5418209074849762, -2.9426813395676574, 76.08058775650485]
[-1.7028125999730768, -4.627245169060501, 72.96474247935203]
[-2.6364416370217074, -5.284051350703033, 71.07549343141629]
[-0.5277220916658543, -6.741490344108692, 68.9541912413711]
[1.9379782349406918, -6.087048777936138, 69.33019436605744]
[0.6967549286399166, -6.160331329471921, 70.30142753498896]
[4.394408120645366, -8.723855232783679, 72.61419018243568]
[6.177366825142761, -8.482677550902602, 73.13489072745429]
[3.087368787679533, -4.81880922295556, 76.16077839810897]
[7.463952605955553, -11.108334496635688, 78.18543884567589]
[-1.7153030106341722, 2.804641955253322, 76.88444566191093]
[-2.9880966110947744, -6.61133727990984, 77.42883138642148]
[-3.931671181111872, 2.3754637578409388, 72.15954235823057]
[-7.706226019875054, 1.0470121977255118, 72.23921517191269]
[-6.830234649300944, 1.2047551822916764, 66.68740386143205]
[-3.3158766025676876, 2.8234773743943955, 67.50884698870682]
[-9.053448083790537, 0.230158263908271, 65.99826214081789]
[-7.089563314319013, -0.43006542369892353, 65.97128387350133]
[-4.302346554554296, -5.317608727844307, 67.71898308522728]
[-7.09531980944859, -4.027478584408415, 67.91541316713872]
[-1.9777615959704082, -7.820755028310042, 69.80910176421906]
[-5.247805358881998, 1.9179812603681243, 72.90534715064936]
[-2.5147388852185677, -6.014598932264459, 72.20723285281642]
[-2.7279338968747484, 0.2797342425200132, 71.26045333869584]
[-1.1646263372260712, -7.626421626948796, 68.32387244630024]
[3.0093579513695015, -7.63226436979472, 68.90723741772274]
[7.793770638461101, -5.8433500368994995, 64.84917477814646]
[4.799755994894836, -7.789080186058245, 63.95927635886294]
[10.453537044590187, -8.237037090740518, 56.81493166596308]
[12.684270770229519, -5.985434406902673, 56.81088695122219]
[7.641315329406728, -11.717918988544946, 54.93387123115436]
[0.15716992636793045, -4.453388744004945, 52.11398410169228]
[-3.915929267164479, -11.44958980332884, 52.784847184755556]
[-8.540414130918258, -1.9122124043021713, 53.812476909012055]
[-11.217626062965497, -3.4876305957144447, 52.78486670478009]
[-12.005033703018094, -1.5264851549584295, 53.056894551135606]
[-12.385684332240174, -0.7564707254162933, 54.626234426831]
[-9.587437219416014, 2.1508185479426993, 54.91133700534364]
[-8.979198190677547, 2.4018326166588864, 53.675282984889996]
[-7.4418127160825325, 5.718533979621663, 53.94058266989573]
[-9.801014727565853, 5.194940319757437, 50.38034624900156]
