[-4.987695261541013, 9.424246020924455, -33.12578507720924]
[0.4073332521737267, 1.75610355216681, -34.7284111735123]
[-7.501739182366976, 11.284308557011352, -35.82647154959058]
[-7.484265160410186, 10.750813553242482, -45.79638084726262]
[-7.063985547504456, 12.466080799404306, -44.003444122856926]
[-5.834880699834337, 14.887853191269567, -46.64397964304336]
[-11.570809707638187, 16.17202804834929, -37.310684353767215]
[-9.049441913866238, 12.300172923968058, -44.1219977495713]
[-9.819596443261814, 13.91969123495959, -43.08942962175703]
[-1.247975825273783, 5.1572461908634555, -43.89354508767753]
[-10.530933372343428, 9.20040904565527, -43.977496235090705]
[-7.586321124579551, 1.6601443379290413, -44.27192928694887]
[-7.665852831699251, 5.233743439481544, -40.3109456475603]
[-12.63271591391074, -3.694152828978352, -39.25695666303466]
[-5.903253129747914, -3.7270125635085427, -35.61168031901689]
[-14.691338215557375, -0.37778089260615777, -44.822344077578116]
[-5.4147139420517005, 0.5896339120991669, -45.725843998849285]
[-13.979915420982147, 3.5384131058894708, -46.02660803776982]
[-15.080881055985584, 0.5323400716201065, -44.6322988726245]
[-16.599552055843958, 1.0358668605452068, -35.681315187392414]
[-11.962165022293615, 3.542196123533494, -44.88294414043929]
[-12.664816376100717, 0.781374819449864, -40.90999756937585]
[-16.230747680560075, -0.0536694818438216, -35.3585986677726]
[-8.764725234278686, 3.4736057254898753, -45.33987196781536]
[-9.349187988676494, 9.573877324322778, -42.230087402451296]
[-5.412099776903396, -0.5534624106203366, -39.503439175686474]
[-4.925881542801811, 2.008461952975646, -40.667983094694314]
[-1.9241262852381942, -4.713229628919182, -30.42749041367123]
[-3.508910312807804, -1.778592332524005, -40.652046113629645]
[-11.584774724638772, -3.394120917836739, -41.12202247033403]
[-8.741432199825157, -0.20998384591514352, -43.86728545904675]
[-14.970137131171214, -4.414709522381711, -39.48233969566651]
[-9.671048731682832, -5.583975006132073, -40.31775953928763]
[-17.881927830437842, -9.064362214489186, -30.446352790395537]
[-17.358387025325186, -5.19913867537361, -34.81425643705719]
[-10.78078830399102, -7.376683858690678, -25.69532329394451]
[-13.538078661052477, -3.0239340654827562, -39.46571512789982]
[-11.506759958598163, -5.65829286581328, -31.084089176194876]
[-5.066834918257793, -4.282197709780349, -35.78870724938248]
[-8.248398259242787, -4.0320680710356696, -39.33601271285189]
[2.6359096894524776, -9.142712801811184, -32.00202230373256]
[-1.729801561146952, -1.7818748980349073, -39.84300174268591]
[-0.9224431955978439, -6.87324420108772, -42.592809979342434]
[-0.7776363195594628, -11.426100673645077, -39.89066483446488]
[-3.366103785602816, -11.751038411431198, -37.40907008245093]
[-5.562144568047125, -14.638845628380338, -43.61116730064287]
[4.889222847985139, -23.040109901856066, -32.00047423646829]
[11.134804140812603, -12.192506506098226, -27.117850571627148]
[0.5151541156857632, -20.86297363495535, -20.841892515789763]
[2.386301462298767, -14.878746773632043, -36.630821959447594]
[3.134905830188665, -14.028747774189657, -36.33884160195715]
[0.08372583610719306, -9.08325679698792, -38.40635423154525]
[2.523941066781584, -10.903082596620097, -46.1755147429342]
[4.77479509750704, -10.329520550862354, -41.05287808849004]
[3.196992696835028, -10.427932658019918, -41.92635003404361]
[12.276267031732015, -9.707224990831197, -43.59524140043959]
[3.177884790990628, -19.003337110782272, -37.89194598164356]
[7.386831584099168, -20.355728261302076, -38.250428535924804]
[15.897804687447096, -15.016291200095099, -40.85674495022561]
[4.970161536657326, -18.892105375010733, -36.727677586601956]
[5.264495742288754, -13.303906996137918, -38.56482200953747]
[7.048168133531422, -10.567530788115576, -43.79506992843984]
[14.92806151733062, -7.216318243252799, -35.495618203878394]
[5.101251131513493, -0.5664090296038944, -46.450010811583795]
[8.601515235864255, 1.345983307840369, -43.397207604039245]
[5.563476781419377, -4.799894633603947, -42.42279139462382]
[6.539358896757237, 0.39527181441278914, -46.35174117371194]
[11.003162780915478, -1.9976048576371837, -43.31038621322068]
[16.350863765914102, -3.396261734829906, -44.03631983711976]
[15.874610167501233, 1.4299534000775482, -34.435820319221584]
[13.929491515400434, 0.8875626163855773, -41.33010052976814]
[13.878473287209832, -1.9188604840576453, -39.39564603505526]
[12.019657715051151, 3.3127892340779344, -41.525704621151675]
[8.075183814921099, 1.5328600539330475, -40.513654683860366]
[10.493917042367766, 2.9867619462162773, -41.45549846574008]
[0.9456068869231637, 2.0560294791659763, -46.70969235948933]
[6.744954459688981, 3.1434898297364557, -46.80387610473145]
[1.3197919410229564, 1.829725104356425, -39.36006464084646]
[2.420557478062478, 6.465633596622387, -44.11427757496498]
[4.118200348659444, 4.335460178221795, -38.288714268208274]
[4.742872910310752, 6.204358542760689, -45.82843585793599]
[7.687357581452603, 4.19828263860425, -46.0590983330372]
[7.825766654768095, 16.354593836898793, -42.26108459455701]
[11.939376641720944, 8.246425393679521, -43.58121419521665]
[10.593206380030203, 17.1973488021867, -40.61804643257047]
[13.315330889575879, 14.313902709140063, -41.64667265890506]
[9.333905294230377, 14.48747734174572, -34.969147075286756]
[-0.09332389246163086, 13.904720220974857, -31.664602982785034]
[4.295249251773162, 6.70390663163777, -45.31844899264492]
[1.8906711823657822, 12.094843635521135, -37.108266901747704]
[3.3418932661373697, 2.690894818982461, -32.89521126635341]
[-2.725051930271628, 11.382669101958975, -43.83700378930464]
[-4.3424492413386995, 14.933943918072561, -31.02284398587902]
[-1.1594414701543743, 13.09560486590677, -40.88455849941588]
[1.2566285493656344, 1.6161865780694644, -46.710899436733285]
[-4.95376050773844, 12.717956561706403, -42.45322407622033]
[3.991418597907571, 9.887412171428624, -40.61990814896768]
[3.3098573573409844, 9.980510268116566, -33.752419268892716]
[-7.4936497471075345, 11.946161952486936, -38.82389085122413]
[6.361699784128505, 7.468178313826273, -37.96884389505925]
[-5.471623564392589, 11.086970844129597, -30.226277491237674]
[-1.3145107339866324, 8.508796053598845, -29.756528600143653]
[-0.6553387122372165, 2.914248923564288, -34.648268164726424]
[-4.260351944835831, 3.4009260879867687, -37.4261448769723]
[-3.05461563906054, 0.4019016451140412, -36.034727210974616]
[-5.120665965887792, 5.792836864595644, -35.42259347016355]
[-8.626816984150203, 8.227665855356289, -41.61646056284393]
[-11.249330029450974, 11.944243022657075, -39.612739922124625]
[-12.804108826334105, 2.8376438505494135, -39.423005000682245]
[-7.297712031170591, 18.63777011346986, -38.11945148357464]
[-13.934924447706912, 11.734157608486248, -32.50383063717212]
[-13.115677794383904, 4.83673307250308, -29.839032586402375]
[-10.483054699271827, 18.350287556030803, -34.9532847919108]
[-11.35563125756411, 2.9322094957543716, -33.84722418845207]
[-18.758585278554524, 7.472263029897334, -31.45094827531756]
[-11.358428928507292, 1.5804897891068983, -38.41758869328901]
[-11.030811766129974, -3.279365776654628, -32.38950978496218]
[-10.44914929569138, 0.8975342841382247, -36.11041199990063]
[-4.532598629597609, 0.7467659925518811, -25.013285891138494]
[-12.105098424334637, -0.060834757878126096, -29.84185177983471]
[-14.006940071489664, 1.5836330748872551, -38.58476915163321]
[-18.531849549016925, -1.3150627185305896, -29.870104290088303]
[-19.195301855282814, -0.07616968078420011, -26.069976016432246]
[-16.894169711881467, 0.7982913942152762, -24.721068053075033]
[-11.355324484351943, -1.1810118215153225, -21.730545245185922]
[-7.966805027266557, 0.3434609162994553, -23.225167031109496]
[-11.528996658213025, -7.440558878338745, -21.39182099068205]
[-6.505913913764334, 1.0260660585626553, -22.35782090717841]
[-2.941321457932279, -3.9709212083851204, -18.990633566101803]
[-3.8076919989726346, -7.747961636440749, -28.545615989105276]
[-3.579237152044912, -5.51678679518471, -23.406565110474503]
[-3.506471048477689, -8.135074457195234, -28.646449103613364]
[-7.311734040233874, -7.87425980905297, -26.53513362237716]
[-8.41845286799955, -7.657890571441971, -22.961208970027315]
[-7.109040392661776, -7.469552476422186, -9.276661344788367]
[-13.900326750943206, -9.520903966049593, -20.232896054886623]
[-12.788297944634241, -2.6647219226998877, -28.699765063883067]
[-4.336144757656397, -9.193770697265554, -17.386955450702587]
[-1.3904817432507337, -6.459256880512252, -28.626317100634697]
[-0.14528797228780183, -10.600670432457397, -29.2038204556766]
[-0.3363733377609215, -14.893684146254028, -25.99882543535625]
[-4.295893020802686, -4.357809239355789, -30.600100609610074]
[-6.215094642931224, -15.209991295164683, -27.920153948995882]
[-6.8229216033381785, -14.42090779100261, -22.69763380813454]
[-11.805409617210627, -18.250077007760652, -21.868037714105146]
[-6.653619244453291, -15.754882975343804, -16.54397125401007]
[10.834163626973142, -8.95291664417568, -14.308906006924312]
[-11.114653719318952, -21.720689606428532, -15.354109085318534]
[3.929511863379925, -6.984673289640365, -26.042178127715456]
[-12.351878251784017, -9.054553043944976, -17.546225615335956]
[3.9474401391878677, -4.091386245231179, -25.65011064310738]
[4.68637288073349, -5.396536541464377, -20.288651843053813]
[4.604615925877843, -6.219726859803553, -22.744074112782965]
[5.10496513578843, -6.7238664388542935, -29.3277045371789]
[10.292682313972577, -11.057794492520634, -26.099104606179342]
[5.582374019111707, -20.69551634444503, -33.094002881203814]
[9.639433462545194, -20.650843590235006, -24.450381055356633]
[-3.934795804604286, -8.145466385218372, -7.3930108394295795]
[-0.5240447981575772, -9.201557427686346, -5.64613692703198]
[4.853946803911508, -7.18530566310371, -18.636791753104042]
[7.785841729537722, -9.200764657491787, -22.552249380391803]
[4.438392735790299, -2.3674074424372518, -20.567673433703995]
[7.733340943709308, -13.504748145178063, -26.64936121779865]
[4.19061035093803, -0.9306752882624216, -25.237966633783373]
[6.390286078756136, -7.7061253835051415, -30.695890469429013]
[6.075374827066491, -7.606296948368008, -29.927631235737948]
[5.115931191658428, -10.918883177832782, -36.31778212475639]
[11.221265870784439, -1.3108921690340507, -35.69931263005468]
[9.104245190851165, -8.489471131928696, -38.95818020120333]
[7.327094594390939, -14.600507764725748, -39.74781705207385]
[15.809319240347577, -14.42370831837859, -32.81649199950539]
[21.6694169326112, -7.452476029372141, -33.319464501632474]
[9.736469339374278, 1.7814097811403615, -19.370889558844095]
[10.30049461948213, -14.516614226715564, -31.107182992987145]
[2.6077852780041586, -9.142631358637344, -16.76702430667237]
[12.442163143788823, -9.530688392471657, -36.22785058884117]
[6.992639444801238, -2.3570175083023366, -32.037071147244504]
[8.978465204587984, -15.861121819951231, -36.460059141230175]
[3.626695051798592, -0.7957068686060262, -28.245149818713323]
[4.76895832473566, -0.7734797556192967, -29.756258986571094]
[5.6716637141301085, 8.184507038373782, -40.854148920636334]
[8.792451039817921, 4.77664348278433, -30.12304479708643]
[8.202606049794642, 4.845051173406476, -39.94690704335013]
[12.827180970856846, 7.3404177464738405, -41.61583565969741]
[17.958944678088386, -3.456449216294372, -29.495184418686502]
[14.657926225260063, 3.407352884645111, -30.142115601737167]
[10.50951853731441, 0.5284336975312296, -28.235179842533906]
[9.439826125960833, 5.2258434773604305, -34.93514936911519]
[6.447054920007824, 5.460530160858604, -27.1270219553499]
[4.8451811707940395, 3.9582082383995205, -27.237304080940714]
[0.2908915678223099, -0.8089590104247528, -23.073527831070898]
[0.9455070074932672, 6.366426350344361, -25.94457741337817]
[2.5507153588018263, 4.082881822925288, -25.917588907372586]
[-0.16298388771213385, 8.818550807878065, -27.07102830182695]
[3.431929566922742, 3.317795330911102, -36.274266485207335]
[-0.14330322814260443, 12.40544316653224, -26.25113267841615]
[2.3106456771725887, 13.201906675173944, -17.64637601462933]
[2.7853385376722346, 20.373010261693807, -20.543216905963696]
[-2.9551278420489635, 21.279880578485983, -13.55476655089844]
[10.862865996322638, 7.377359511632796, -27.938233084901725]
[-5.242331569702988, 6.727685427361658, -20.606116633884415]
[-3.836780948069541, 6.118316874628129, -26.612778388028495]
[-6.733091257344091, 2.5704634536306643, -26.607047718942074]
[-8.464971465685936, 12.050770311632451, -29.5675916849485]
[-9.849824231008448, 4.654447104657465, -32.63461384916299]
[-10.211824968717652, 5.917182481834546, -27.119680447964054]
[-2.1578204017123097, -1.1437542290835445, -26.846860857658086]
[-10.376225490090873, 5.05813770440261, -25.546812176513107]
[-7.387248505636555, 7.132639175441947, -20.82467936805789]
[-5.219319428017447, 0.16304049368618836, -21.239922576843608]
[-2.1894220400456366, 5.3499560496507, -21.348438691670637]
[-6.487070465998857, -7.397863811522483, -14.411428290711779]
[-2.48930817198165, -1.8082593579450097, -19.477975773239706]
[-5.005465110741468, -0.03533170650763701, -19.033990061125913]
[-2.6407426923390283, -8.963989895151665, -24.62693163088478]
[-14.664758952097815, -2.7212159305530497, -20.26678781263427]
[-8.915401557787028, -1.3958512807655261, -19.871420402219524]
[-13.401552189286942, -7.3903777016236925, -12.77767435982412]
[-13.96623881010224, -8.413551690602896, -16.457952066111886]
[-16.00520607010037, -2.767166309848482, -16.7856244052815]
[-10.501829965214315, -6.9611564238787045, -13.398491806403381]
[-0.48955414418514126, -15.25817443352992, -14.342476284097682]
[0.0954081422313808, 3.2317296656580514, -22.664469034675648]
[-1.8637075833600893, -7.050907450715704, -14.323198376766957]
[5.017785965519206, -4.8745533959838445, -15.610894554150919]
[-1.8533704981190333, -7.25482285549654, -15.88847297619061]
[-3.052237554659344, -17.974380860286974, -20.090734031308397]
[1.7313880930656835, -4.038141725565102, -21.72760153892959]
[5.98066949460732, -15.890169807124892, -18.348943117669425]
[4.566924723650195, -12.493608152084645, -18.85135559822989]
[0.7382988736876804, -2.256873280322036, -20.700683737013666]
[5.271838480030576, -11.22636270752847, -19.30200683942188]
[3.707472055928608, -5.75094023452749, -16.400623970451687]
[5.227666013452338, -8.98307233166712, -15.099303257309833]
[6.617700330749148, -5.603358679603024, -16.321872484284818]
[5.901611184243172, -9.32634551862439, -15.296216097158325]
[19.70234165341845, -8.52731032601023, -11.919169947026983]
[4.594478634922103, -10.231986150468085, -14.346222249599528]
[5.051187140378755, -11.595462856047568, -13.18348311360892]
[8.927632002439772, -7.3186491142973855, -9.517171469711077]
[6.483366959220462, -5.006428719213647, -16.273256977037722]
[8.433484362711402, -2.3769784173581443, -17.682306118745046]
[5.95179897431923, -2.8630871163910934, -19.70716358663369]
[7.6862004040688, -1.4974331119689892, -19.50788454907022]
[8.679977853812558, -0.722136299237675, -19.27249117196667]
[9.432781034095745, -6.0564919340746375, -21.76178967992231]
[14.243428122989128, 0.34013201712925645, -18.88189201386334]
[8.490911962362016, -4.074398468903591, -4.181282760471884]
[13.2546347478604, -6.717678411502892, 0.8020222250615576]
[6.14431204194814, 7.6656403582914665, -31.71133640784013]
[11.796468601308414, -1.7941691773462365, -20.520128124771006]
[6.521294827715487, 1.240381782788797, -41.85998889875392]
[8.363799833192322, 4.125209012863425, -30.96237160202524]
[16.380058456864436, -0.48391479276461363, -21.474775360293776]
[8.321300076068416, -5.128385724578147, -30.40015878785556]
[12.6655689207051, -1.0283995993909971, -21.010039320646015]
[6.129643909282016, -2.2381397832575067, -20.061764269021317]
[6.548408114039438, 0.3361589878926443, -19.955489564739175]
[5.3011570334686136, 4.04608794923863, -19.374630459285385]
[-8.819275227552255, 9.397913943539672, -19.37866736265094]
[6.382630954874264, 4.776538415466765, -19.111996322669366]
[4.528450080223009, 7.594591587895842, -17.86886267810305]
[0.10196520937054399, -2.4493525266142053, -23.707965905477298]
[-0.7392503277159155, 16.143913261480634, -16.906297187748553]
[6.481159516162346, 7.201041719372037, -16.632975557333477]
[7.086168187997769, 11.118482502936521, -16.720056525462073]
[7.620088177777085, 8.501495246590816, -15.785041461999066]
[3.819690890299009, 8.404487673456018, -14.754687947858423]
[-0.9718946468766019, 6.492859582510342, -13.437840524557998]
[-3.434072874735574, 7.139733139177624, -13.649627267904282]
[-2.6751225350552725, 10.112447184660896, -16.498309637555987]
[-2.310317597456834, 6.644409161172013, -15.9486015044044]
[-3.0152309440193252, 11.912193627259464, -18.77831500032068]
[-2.3663798654829233, 2.135231250298858, -25.638002722078124]
[-2.19015391676725, 17.843361020837477, -13.374209381949317]
[-0.13704105891333695, 10.40785224724139, -15.759036472225025]
[-1.3796982391352806, 8.178111408800909, 1.5247779949964222]
[-4.674104061630442, 9.18621615015135, -14.86946843875675]
[-11.560585577432729, -1.120487342922921, -12.964026234648426]
[-9.043787195028928, 8.203960956090668, -13.173640388978734]
[-5.766715372910258, 4.042718268807834, -15.730456440538308]
[-6.305750425609572, -4.356173333792032, -19.05600327103184]
[-4.497728572750165, 2.032932636030648, -19.876929101627383]
[-6.375748925864129, 2.095364404728835, -19.487473569429014]
[-9.474550508149958, 7.7663893593171025, -20.189770152904856]
[-9.500801975673486, 0.5605979775739759, -27.1719609707075]
[-7.058446862265504, 14.818214904352695, -25.932894330876046]
[-13.016793556514594, 11.972623372013901, -21.331102638881635]
[-12.375455067602488, 8.551452907348228, -20.995677965084916]
[-14.648161104469395, 13.86765161314174, -17.364982130466018]
[-15.629480763601185, 11.5569719282587, -21.61973634581129]
[-12.123798236097992, 7.265608334662675, -13.903150378079097]
[-12.728938586164821, 10.707281384066397, -16.153781986031788]
[-11.253307245448129, -4.56968964482809, -22.729960118619168]
[-8.87298084884413, 3.7357376202475243, -13.769764197533824]
[-5.8344349837187695, 1.6127990104078505, -16.428841545791002]
[-3.0141589395625292, -0.03633767869930977, -15.303591645185932]
[-3.581474649672758, 1.437921653252795, -17.58139360543537]
[-4.670191176021868, -10.983118983514384, -9.741869981427744]
[-9.486765626215421, -0.1942269427092739, -5.093570031732709]
[-7.501945347493748, -6.774489061106007, -11.338574889570355]
[-7.983164507704939, -1.4859707421239035, -7.7065336792620025]
[-3.7866436891671147, -2.4486970711755824, -7.532255946706426]
[-3.093834205314093, -9.359900749690198, -9.777049385846459]
[-4.23877470925194, -8.319163284377758, -8.245652866953458]
[-6.221701737330001, -11.26695413670252, -9.854798546813248]
[-11.61415735504284, -11.676048990976359, -9.286389789733223]
[-5.748067065314897, -8.510563116158588, -6.011743010964714]
[0.9485082433239157, -19.990924334708208, -5.843010415612818]
[-6.858377894495629, -4.702468711881152, -3.240399243335356]
[-3.53536482259403, -9.864800812641626, -8.89819276913592]
[-1.8079021818702625, -3.1416716421539275, -4.551847586937412]
[-3.8554302743742506, -7.8127725340050675, -8.774374802410074]
[3.9938955045494393, -4.121316613377095, -5.324953859780149]
[2.7614496668783954, -9.222718321596474, -10.433573490787277]
[-1.3292294395909752, -11.369161321085711, -8.300913564462185]
[16.203140602998044, -8.599045300569308, -6.437558394626149]
[5.866245778266302, -14.021784746373845, -8.085693566813998]
[4.9957000124280855, -7.703036564252839, -8.066352770164205]
[16.919841351329808, -3.953868739131848, -5.9422528113938675]
[5.7547933498297175, -1.5213233978593426, -10.000076615810304]
[7.693424256203372, -0.5497913338361854, -2.8836723144286127]
[18.881578192738758, -7.142499420308951, -5.669044049254436]
[9.49676902194517, -4.50701214308328, -12.835878496091174]
[7.472661024296929, 0.19808924836177538, -6.5186256575164245]
[4.745195777601842, -11.594686809785266, 6.2898379019529305]
[-1.1756119406483063, 3.847348317040242, -7.160211640783017]
[5.3114392057750965, -2.979360672000584, -6.190570626376374]
[4.6643775142177875, 8.53759765480456, -8.072287681555082]
[4.883198420998464, 5.687644166321436, -4.500290315352681]
[12.236901021274937, 10.728765760357758, -10.53587850739757]
[5.8341430343993235, 11.04525803957436, -9.163331949415532]
[11.348563170965573, 6.895757623286174, -14.676666027621543]
[10.099902592062563, 11.064438820867707, -12.208702182679227]
[11.300617333060279, 8.014709048575176, -11.334867299912231]
[10.956587658123372, 8.676531778256495, -9.565476064523752]
[10.119886208047985, 2.4966408263405766, -4.761644769423066]
[3.230849292468892, 15.616505307178876, -5.737096365366118]
[4.945577001232012, 9.134358586416615, -6.675979307612838]
[8.99365949215122, 9.906849685120592, -8.179144311730818]
[-2.52654596801116, 7.096056669322802, -7.857714352111728]
[0.40218443525918324, 4.273587429616141, -10.7590385301098]
[0.3287581572089352, 0.43320736973144613, -11.545581961617797]
[-1.3799860504078507, 10.522534401759508, -10.56038691841765]
[-2.208831436777443, 6.927556797769404, -9.18313387594638]
[-3.070084812018995, 13.19494660876144, -9.786689548765516]
[-3.7355474126000208, 10.889089209143064, -5.386437038803652]
[1.184020092934958, 5.420210137041908, -7.43520335587872]
[-9.333564806262405, 7.268330666542454, -4.334812170412932]
[-6.290747647346814, -3.4733178636569773, -3.212984550994664]
[-8.293714892368737, -0.06910446971602854, -9.143725822774513]
[-10.041240647945234, 3.08149932079919, -6.925225634359407]
[-10.020983710234866, -1.4247873974630756, -7.364798551189631]
[-19.269282658126304, 8.40284527239275, -5.0871652160958805]
[-10.52164784535081, 5.123301075696564, -11.572858824230677]
[-11.450501900254203, -1.3417218690428308, -6.044079588907805]
[-3.15989869891327, -11.172286023710063, -2.3157609070683374]
[-6.098033893467876, -3.6377810381697837, -2.6392902324586225]
[-7.159999609707587, -3.291044735393004, 1.2883515240426184]
[-4.299375231385434, -3.1434899100680136, -2.9073768590645472]
[-4.090335769713978, -9.090641815970981, -1.4353705867443023]
[-7.289613455068614, -0.7419689934467947, -1.091331073099778]
[-7.022721361712173, -8.517103285423268, -2.3552598916137235]
[-8.535795486139943, -7.461824318843385, -2.5935263249819456]
[-3.970033218788748, -13.124160409215582, 9.438116134691368]
[-5.586888042036972, -11.087418228719368, -1.4075770439176154]
[-8.032764812481245, -5.664001608105856, 3.6951385155087473]
[-5.619057066828001, -9.419264411935261, 1.472804903799407]
[-5.139021498879035, -6.3562262243564245, -1.0378454215949686]
[-1.2185163068479807, -3.0527797301514794, 0.16357320596549926]
[5.200814571556477, -8.537078020565387, -3.603374734199825]
[-2.164967792472887, -3.2432784602282734, -1.4408698806868667]
[3.7399189421548473, -12.869852300290443, 2.1180063072378674]
[5.942449448985733, -13.280983812265577, -1.443319964250782]
[17.038098311213755, -4.293621715580619, 4.385064108524391]
[7.656217962921466, -18.338729782653548, -1.7533786598739036]
[1.777821765340609, 2.0960403886130594, -0.23285568079244962]
[5.2902704371472975, -2.8180181036860947, -1.7760629160493566]
[9.251077540352242, -2.051838595165984, -1.795300416017366]
[7.132891645992806, 0.012712740969327483, -1.5042443694482577]
[12.297504890979155, -7.677049000676045, 1.423812855705726]
[10.772351351792114, -6.10128261707788, 6.326729312300581]
[7.017956969839683, -5.770292251777151, 2.6858066299011845]
[11.3459860040077, 0.7498121438718127, 1.4635484693380665]
[3.2576799160957632, -11.767828344767246, 8.903428125202057]
[4.411178065973109, 2.5006571778691065, -1.016091799095078]
[1.3400469536709105, 3.0218692837531544, 0.3732241879127315]
[3.136048212611448, 4.811197688998411, 0.9893133200995644]
[4.991531067062701, 9.008307167894385, -1.2198032547751907]
[4.2268543182648335, 7.720186923175822, 1.5878284147267605]
[2.9915810851674935, 6.006869988655319, 1.5389981151378114]
[-1.217662246935497, 16.50891815919126, 6.336533122743704]
[-1.5870516292215182, 8.836371522320391, 2.6965600883488]
[-1.1614161055642098, 3.7339545008631, -0.4463687020512188]
[-2.1223572792795204, 2.476533301498904, -1.5599333943471119]
[-5.128917163596573, 7.386331698330862, -2.2578443755266457]
[-6.100865539957888, 4.996048861211769, -0.24051592123204799]
[-7.127109314901912, 5.439618147910038, 3.424269600168944]
[0.07359568402660195, 7.028947629813009, 11.706422423076775]
[-13.019688630529865, 8.048022469965616, 10.341226647639827]
[-8.87389397660063, 1.102267091370952, 4.305035782834985]
[-13.969331667688138, 6.928126842000482, -0.013540481371063813]
[-2.7292128404913925, 2.6532106937349917, 9.91342680849001]
[-9.032237418733214, -3.9676263960674056, -5.521453735410544]
[-13.203613327202497, 2.7640627884015467, 3.5168033890263453]
[-3.09489866902904, -14.414992374294835, 3.335232727753366]
[-3.079333267331152, -12.207294567533483, 3.2817110588832383]
[-6.783885358033227, -4.3626270826780615, 2.811808476110613]
[-7.822530470051829, -2.601260774675636, 7.3949674247143955]
[-6.630376796785175, -4.006194030990993, 2.4435489821947773]
[-1.8589853856585024, -3.5948168570707346, 7.365039763387061]
[-8.473146091809657, -3.6766763890342706, 13.025584668958743]
[-6.333486412392158, -7.715097031467704, 1.4224877647497831]
[-4.470119916745859, -7.403741980698478, 5.428095046115775]
[-5.285912197765047, -6.650216593488937, 11.258082691924239]
[-3.6567372548595487, -4.424026084260062, 4.479812551663363]
[-0.6077983217495558, -7.817716752441139, 7.653723780020302]
[-0.9332961510171311, -3.5225884611231475, 4.119109935756358]
[3.6855159960802775, -4.632602056546271, 2.8764093981962024]
[2.3721147040532404, -3.4157620743538337, 2.6579432550445743]
[-0.38246126545786324, -7.086819602439525, 3.1268218642425785]
[3.4756610527123124, -11.759583273352856, 3.896748364044382]
[-0.6843444047063674, -9.136626998941995, 4.438545796837144]
[8.015947589062629, -17.9647029161982, 5.135088973782209]
[1.005590118993452, -5.496405688413121, 4.126901277724997]
[8.391175293635436, -5.127946260697877, 5.961897200489997]
[2.980189448368853, 2.963648579334289, 7.103801562473769]
[7.976502654171352, -1.5831344650118517, 8.044591138848247]
[11.282940597023366, 5.576856821736819, 4.726199685441205]
[10.660164340338577, 4.1845109960693385, 5.075395650732221]
[7.7526980206964415, -1.5022071021032009, 10.514037868913086]
[9.450919833643937, -1.0493296925642843, 9.90339720312605]
[3.217670253097821, 4.7257635286084, 7.787671802949635]
[4.364916640024291, 1.9509620323327133, 6.858594733876137]
[2.730602433334185, 0.9728909482995528, 7.8740194495586735]
[-0.801704326266866, 7.178577433448336, 12.231490062641873]
[-4.839128474988254, 7.017041266636037, 8.714234557461246]
[-6.294033025609482, 8.402098173774892, 9.88371151616975]
[-5.189728489065397, 8.720046086551216, 6.770825392103974]
[-1.5551060600633122, 3.7534761764694182, 6.136021440920114]
[-0.7222753529878658, 10.710361914554202, 6.5629791299538525]
[2.4876415916097763, 11.501477949250893, 3.8185191210565197]
[-0.771400889346436, 8.119457495426497, 7.706502500535208]
[-8.59171442540989, 5.443171699662366, 12.615999583458848]
[-6.19759869685632, 2.526989582660441, 4.975488793851884]
[-8.80966862139534, -0.5662170647443268, 6.214183854241287]
[-5.1282349260867495, 1.4446030945171866, 7.509198643128762]
[-2.8221426264950034, 1.5167066110698477, 11.769342675581989]
[-12.068337953946145, -3.008602335630166, 11.712403569588103]
[3.279361062781582, -8.586112303980853, 13.499262113507417]
[-0.05496769524891961, -11.558808460704006, 6.979468863471523]
[-1.039030113486425, -10.355117439759205, 7.871410742071744]
[-11.933349904622192, -9.28618778580158, 17.14501341220434]
[-1.1373129955303705, -5.349479456299726, 8.404235005629644]
[-0.8764894239925111, -9.181090364441587, 7.227278200961537]
[0.10281190795852474, -4.036495113632445, 10.673083277655353]
[2.5432714528137454, -4.965582751357919, 8.951346241585929]
[3.9545770949565253, -0.3020771144729701, 15.303999513374952]
[3.034568088392971, 1.0044673450071955, 13.749281938951997]
[5.124820909503449, 1.7730990513085123, 17.760061601277453]
[3.477450335888414, 4.907208319648871, 16.888781736484734]
[2.1735311089778633, 5.051644333325903, 15.896184466898843]
[-2.696724542832903, 7.420023735564864, 10.84541487435011]
[-1.9218930662397877, 3.7415348953367458, 13.824558427200136]
[-3.4832621631283276, 4.549328973675017, 16.53864749882064]
[-4.8903000519681035, 3.427924887012129, 13.918568749509854]
[0.7631082411033628, 6.589971277365308, 20.818559558706145]
[-4.384270210973007, 4.872043707238685, 18.08283458427491]
[-6.840225292243235, 1.8029464616201816, 17.445790661052452]
[2.0420768539878726, 2.319584153709529, 21.97247644570699]
[-8.073578393968557, 10.112026440075292, 26.29011798014476]
[-6.892296776169802, 14.218303634002288, 21.367525756294917]
[-7.1150938737466385, -0.9188066886426999, 10.323066147558901]
[-14.852085292154145, -1.9631198733756057, 16.189057496418492]
[-8.965956228875909, -5.509893919084119, 15.778728580075313]
[-4.407371231486998, -3.8455302330737062, 14.139659131318261]
[-0.7061174614643932, -4.304104478009856, 16.914755520463927]
[-7.0400003416179535, -7.529475830166738, 15.819212308998459]
[4.255482993240596, -8.623240238019013, 18.89740835486776]
[3.322677076936017, -6.088235436214437, 15.77580599946713]
[3.7891417411270303, -5.465856318769575, 13.887873624524172]
[4.0793116306446295, -6.519276278245938, 13.715024818295397]
[3.015103974960698, -4.302056872423008, 16.21359102119252]
[5.674319218556588, -1.2311890639360856, 15.683960365616427]
[4.995609606772691, 1.1246209236965656, 19.76375815557821]
[-0.5277840746269359, 12.340724631764422, 16.98929121428883]
[2.4884024985883744, 2.786318738305342, 23.638332979485657]
[10.979570288781291, 6.413078753430892, 28.372538936532102]
[0.2132407198613464, -6.978472692518921, 13.381799028854438]
[-3.5283006310601768, 1.5784871000279657, 27.790886098700433]
[5.254931682887178, 1.9249081628790925, 27.673091196923593]
[-4.383051590292238, -4.649950374392648, 22.038984579103648]
[-0.7834960083880769, -0.27964304020484654, 23.100720183517417]
[7.55747908488668, -0.09340758785161325, 21.838624022277855]
[-5.708708746026032, -6.485017702642844, 24.388256190955918]
[-7.223732605044804, -21.130350595951363, 9.646535904365416]
[-10.032960044362865, -6.862967706807107, 16.48615205694221]
[-3.2327129915811237, -6.486406181198533, 17.904293225691667]
[-2.7830234403149676, -9.108671947307052, 17.418613544812626]
[3.034964943565452, -6.106691937656517, 22.412226049595926]
[-7.5894166630128055, -7.912226639533123, 12.4007367450355]
[5.217066055320982, -2.7922839331688682, 19.90420250101759]
[-1.1119531267628344, 7.980321437164056, 23.332351112847117]
[7.090969731544398, -1.7701548026853793, 24.225806539868824]
[-0.6860633082522078, 3.666189740328453, 27.081889631368618]
[-4.626409171008506, -10.199429639157579, 27.04861630334099]
[3.0592172371010324, 1.1057631179798435, 31.20483245339635]
[-4.705208888378958, 2.3026325518889377, 32.09673886030968]
[-0.18240315788612096, -2.2961710787082077, 32.84469185994575]
[-5.692988851508444, -9.901471520893962, 24.98083564641375]
[-2.504386542862322, -5.665298737693895, 26.613001305640083]
[-3.4380155799109526, -6.322104919336426, 24.72375225770435]
[-1.3292960345550995, -7.779543912742087, 22.60245006765916]
[-2.9582187031289555, -7.37496129984744, 25.800738005215397]
[3.6021046186579926, -6.470660780396977, 23.35445631703182]
[2.7485806746302983, -7.021808496363189, 22.09863471733864]
[3.5835637368542494, -13.053156822437169, 29.170441700415648]
[8.003005089876734, -12.019653742708805, 31.467664390146037]
[0.9880259527263261, 1.3394312392592607, 30.447632748378414]
[5.3217522362558825, -12.27312238782936, 32.19973095378187]
[-6.021779859773161, 2.1937455339805956, 30.61777622801956]
[-12.901093344223922, -3.0256593092571085, 29.954449471637187]
[-3.444710388229073, 0.4810748444344941, 20.997826141017683]
[-4.114506581304677, 3.043576567441345, 21.820498524764318]
[-11.818906796151305, -0.1476716171179283, 19.673499234422504]
[-4.12039450960919, 0.5272710440806584, 20.493713105225442]
[-7.891137257208258, -1.4681189923323172, 19.61954269978939]
[-8.787844300545855, -4.74308314619765, 17.865425090358237]
[-2.3167037376788233, -11.243205600623087, 23.114941123241273]
[-7.005943204129816, -5.3879811598859675, 25.26191889649534]
[-3.241967340040484, -6.474411593263787, 23.799780057772956]
[-5.092815399412671, 7.147836543355429, 27.8452930573795]
[-3.390658316175142, -7.630893408531918, 27.911203300436]
[-1.9662002801153164, -8.66447519558219, 21.972131272588296]
[2.2077840084802562, -8.670317938428115, 22.555496244010804]
[-1.655598997689759, -8.379176850009365, 24.751879878050858]
[11.776609382663455, -5.092489272637671, 14.439370964858233]
[9.651963101700941, -9.275090659373912, 10.463190492251135]
[11.882696827340274, -7.023487975536067, 10.459145777510248]
[9.740239271339918, -5.37397671781225, 6.022088988826587]
[1.796785945694693, -18.488457138820614, 6.705114337374593]
[-11.029047304382548, -5.6089079074644275, 5.502396867134085]
[-11.231792365802143, -6.486829605103853, 6.161097684712631]
[-7.654928843232458, -0.29162403840670237, 9.419074603466138]
[-12.80660764590734, -2.564538723591823, 6.705153377423664]
[-13.18725827512942, -1.794524294049687, 8.274493253119054]
[-11.318157608161805, -1.9529223149372832, 7.058242126172312]
[-7.590764049481099, 4.020054252668298, 8.844698410144346]
[-8.243386658971778, 4.6804804109882685, 7.588841496183793]
[-10.602588670455098, 4.156886751124043, 4.028605075289621]
